1 1.4508e+06
2      0
3 2.3789e+07
4 2.6806e+06
5  33530
6 4.0584e+05
7  45791
8      0
9 1.2112e+07
10 1.3362e+08
11 7.6509e+05
12 1.0226e+05
13  30246
14 2.425e+05
15 4.8496e+05
16 1.4002e+08
17 9.7338e+06
18  67378
19  36260
20  26139
21 8.0664e+05
22 5.3321e+07
23  11073
24 3.1235e+05
25 1.4938e+05
26 2.7698e+07
27 6.7268e+07
28 1.3274e+08
29 1.4282e+08
30 1.8057e+08
31      0
32 4.2249e+07
33 2.8476e+07
34 6.7896e+07
35 8.0363e+07
36 8.4659e+07
37 1.5737e+07
38 8.0723e+06
39 1.4962e+07
40 1.9176e+07
41 5.3585e+07
42 2.6384e+07
43 6.4288e+07
44 4.0404e+07
45 4.6797e+07
46 1.1377e+08
47 1.367e+08
48 2.9136e+07
49 4.5059e+07
50 1.3704e+08
51 8.7836e+07
52 2.1522e+07
53 2.0813e+07
54 1.5104e+08
55 3.352e+07
56 2.8302e+07
57 1.0227e+08
58 7.3399e+07
59 1.3033e+08
60 9.6698e+06
61 9.9561e+06
62 6.563e+07
63 1.0499e+08
64 1.529e+08
65 6.4394e+07
66 4.9127e+06
67 8.4181e+06
68 2.1986e+08
69 5.0536e+07
70 3.797e+07
71 6.8772e+07
72 1.1742e+08
73 1.228e+08
74 1.145e+08
75 9.3163e+07
76 5.991e+07
77 6.8157e+07
78 1.8738e+08
79 2.1485e+08
80 1.4509e+08
81 1.5021e+08
82 1.8063e+08
83 1.9112e+08
84 2.2267e+08
85 1.564e+08
86 1.8275e+08
87 1.7999e+08
88 2.0415e+08
89 2.0105e+08
90 1.7707e+08
91 2.0159e+08
92 1.6265e+08
93 1.8183e+08
94 2.2388e+08
95 2.2547e+08
96 2.1556e+08
97 1.581e+08
98 1.3691e+08
99 2.5438e+08
100 1.0005e+08
101 9.4629e+07
102 6.0971e+07
103 3.9684e+07
104 9.7485e+07
105 1.3826e+08
106 7.8636e+07
107 1.7436e+07
108 3.1808e+07
109 2.0671e+08
110 2.6521e+08
111 1.681e+08
112 2.3328e+08
113 2.5823e+08
114 1.9532e+08
115 2.4535e+08
116 1.4879e+08
117 9.3368e+07
118 1.8407e+08
119 4.7403e+07
120 4.6618e+07
121 2.6243e+08
122 4.8673e+07
123 4.6794e+07
124 1.5239e+08
125 9.3485e+07
126 2.613e+08
127 1.8344e+08
128 1.6797e+08
129 1.8217e+08
130 2.3167e+08
131 2.0826e+08
132 2.3122e+08
133 2.629e+08
134 2.654e+08
135 2.4346e+08
136 2.4335e+08
137 2.4762e+08
138 2.6991e+08
139 6.8638e+07
140 4.1299e+07
141 9.1447e+07
142 1.0174e+08
143 2.3145e+08
144 2.6305e+08
145 2.4665e+08
146 1.3807e+08
147 1.7256e+08
148 3.3473e+08
149 2.6017e+08
150 1.3165e+08
151 1.0696e+08
152 2.6623e+08
153 2.4228e+08
154 9.7628e+07
155 7.2491e+07
156 2.5596e+08
157 3.446e+08
158 2.2956e+08
159 2.0962e+08
160 3.8219e+08
161 3.589e+08
162 4.408e+08
163 2.4575e+08
164 2.9546e+08
165 1.9687e+08
166 2.2181e+08
167 3.3139e+08
168 3.3025e+08
169 2.4564e+08
170 3.1124e+08
171 3.709e+08
172 1.6647e+08
173 1.6955e+08
174 3.6112e+08
175 3.6549e+08
176 2.1517e+08
177 1.9411e+08
178 3.7362e+08
179 1.758e+08
180 3.7363e+08
181 1.5688e+08
182 3.5402e+08
183 2.7999e+08
184 4.0464e+08
185 3.1728e+08
186 3.3252e+08
187 3.9733e+08
188 8.7774e+07
189 3.9254e+08
190 3.9616e+08
191 1.996e+08
192 2.0399e+08
193      0
194 3.5509e+08
195 3.562e+08
196 4.7722e+08
197 3.5435e+08
198 3.6391e+08
199 3.6842e+08
200 3.8565e+08
201 3.4344e+08
202 4.0455e+08
203 3.6191e+08
204 4.97e+08
205 1.8591e+08
206 1.5555e+08
207 3.2159e+08
208 1.2534e+08
209 5.9117e+07
210 5.9434e+07
211 4.8071e+08
212 4.4392e+08
213 5.2267e+08
214 4.8552e+08
215 4.9969e+08
216 4.9804e+08
217 3.9477e+08
218 5.0496e+08
219 6.0813e+08
220 4.2569e+08
221 4.5211e+08
222 5.7263e+08
223 5.5249e+08
224 3.1088e+08
225 1.1251e+08
226 6.4873e+08
227 4.4042e+08
228 5.0198e+08
229 5.508e+08
230 6.2766e+08
231 4.5416e+08
232 6.0029e+08
233 6.1566e+08
234 6.0195e+08
235 6.4164e+08
236 5.1097e+08
237 6.49e+08
238 5.49e+08
239 5.0562e+08
240 6.5464e+08
241 6.3795e+08
242 7.3447e+08
243      0
244      0
245 6.7279e+08
246 6.5677e+08
247 3.2603e+08
248 3.5872e+08
249 6.7931e+08
250 7.5084e+08
251 5.8992e+08
252 4.8283e+08
253 3.6628e+08
254 7.5388e+08
255 8.1483e+08
256 8.6392e+08
257 5.3726e+08
258 5.4139e+08
259 8.139e+08
260 7.6811e+08
261 8.2941e+08
262 6.4251e+08
263 8.4394e+08
264 7.7663e+08
265 6.6994e+08
266 8.3701e+08
267 7.8545e+08
268 9.3912e+08
269 5.2805e+08
270 4.0094e+08
271 9.6962e+08
272 9.0679e+08
273 8.562e+08
274 9.1515e+08
275 8.708e+08
276 7.4822e+08
277 6.3216e+08
278 4.5961e+08
279 7.2029e+08
280 6.3284e+08
281 3.4809e+08
282 3.0926e+08
283 8.4957e+08
284 9.4535e+08
285 5.073e+08
286 6.385e+08
287 8.2833e+08
288 9.3057e+08
289 7.9921e+08
290 1.152e+09
291 6.7687e+08
292 3.4739e+08
293 5.738e+08
294 4.9744e+08
295 3.1627e+08
296 6.3897e+08
297 5.3329e+08
298 8.7233e+08
299 8.6678e+08
300 1.3646e+09
301 1.4878e+09
302 1.3048e+09
303 1.0147e+09
304 2.0695e+08
305 2.0419e+08
306 1.2428e+09
307 1.439e+09
308 1.0347e+09
309 1.3318e+09
310 1.3548e+09
311 8.9448e+08
312 9.5966e+08
313 7.6322e+08
314 8.3429e+08
315 1.5076e+09
316 1.415e+09
317 1.4198e+09
318 1.3477e+09
319 1.5185e+09
320 1.5747e+09
321      0
322      0
323      0
324      0
325      0
326      0
327      0
328      0
329      0
330      0
331      0
332      0
333      0
334      0
335      0
336      0
337      0
338      0
339      0
340      0
341      0
342      0
343      0
344      0
345      0
346      0
347      0
348      0
349      0
350      0
351      0
352      0
