1 1.3272e+06
2      0
3 2.2286e+07
4 2.1136e+06
5  31084
6 3.7164e+05
7  40680
8      0
9 1.1131e+07
10 1.2302e+08
11 7.3292e+05
12 1.3068e+05
13  25781
14 1.774e+05
15 4.2622e+05
16 1.2778e+08
17 1.0371e+07
18  76895
19  32418
20  20615
21 7.3994e+05
22 4.8596e+07
23   9078
24 3.2514e+05
25 1.4378e+05
26 3.1317e+07
27 7.0899e+07
28 1.2646e+08
29 1.3413e+08
30 1.6504e+08
31      0
32 3.7552e+07
33 2.5459e+07
34 6.4435e+07
35 7.8865e+07
36 8.255e+07
37 1.6673e+07
38 8.8663e+06
39 1.1836e+07
40 1.4406e+07
41 5.46e+07
42 2.8651e+07
43 6.5575e+07
44 4.2036e+07
45 4.8194e+07
46 1.0416e+08
47 1.2907e+08
48 3.2138e+07
49 4.9167e+07
50 1.2605e+08
51 8.3464e+07
52 1.8553e+07
53 1.7211e+07
54 1.4512e+08
55 3.7534e+07
56 3.2045e+07
57 1.0197e+08
58 7.1283e+07
59 1.2188e+08
60 7.0602e+06
61   5363
62  21276
63 9.4067e+07
64 1.3714e+08
65 6.7601e+07
66 5.0797e+06
67 7.5483e+06
68 2.0141e+08
69 4.632e+07
70 2.9413e+07
71 5.1807e+07
72 1.1692e+08
73 1.227e+08
74 1.0676e+08
75 8.9816e+07
76 6.6123e+07
77 7.3717e+07
78 1.7057e+08
79 1.9602e+08
80 1.3747e+08
81 1.4046e+08
82 1.5869e+08
83 1.7533e+08
84 1.9986e+08
85 1.3903e+08
86 1.6721e+08
87 1.6708e+08
88 1.8306e+08
89 1.859e+08
90 1.6431e+08
91 1.8313e+08
92 1.4997e+08
93 1.6635e+08
94 2.041e+08
95 2.0539e+08
96 1.971e+08
97 1.4775e+08
98 1.2837e+08
99 2.3237e+08
100 9.1845e+07
101 8.6805e+07
102 5.694e+07
103 3.7933e+07
104 9.8091e+07
105 1.3592e+08
106 7.5276e+07
107 1.7825e+07
108 3.1383e+07
109 1.9374e+08
110 2.4839e+08
111 1.5401e+08
112 2.1245e+08
113 2.3565e+08
114 1.7769e+08
115 2.2405e+08
116 1.4498e+08
117 9.2759e+07
118 1.7828e+08
119 5.3866e+07
120 5.14e+07
121 2.4135e+08
122 5.0829e+07
123 4.9099e+07
124 1.4771e+08
125 9.1394e+07
126 2.4097e+08
127 1.763e+08
128 1.6754e+08
129 1.7644e+08
130 2.1771e+08
131 1.9243e+08
132 2.1272e+08
133 2.4179e+08
134 2.4494e+08
135 2.2209e+08
136 2.2608e+08
137 2.2946e+08
138 2.4635e+08
139 6.836e+07
140 4.0835e+07
141 8.4667e+07
142 9.2249e+07
143 2.1924e+08
144 2.4382e+08
145 2.3256e+08
146 1.3587e+08
147 1.6475e+08
148 3.0598e+08
149 2.4027e+08
150 1.2877e+08
151 1.023e+08
152 2.492e+08
153 2.269e+08
154 9.5151e+07
155 7.1981e+07
156 2.3362e+08
157 3.1511e+08
158 2.1765e+08
159 1.9838e+08
160 3.5123e+08
161 3.2851e+08
162 4.0499e+08
163 2.2472e+08
164 2.7488e+08
165 1.8373e+08
166 2.0553e+08
167 3.0415e+08
168 3.0401e+08
169 2.252e+08
170 2.8375e+08
171 3.3928e+08
172 1.606e+08
173 1.6298e+08
174 3.2972e+08
175 3.3439e+08
176 2.0565e+08
177 1.8503e+08
178 3.408e+08
179 1.5944e+08
180 3.4212e+08
181 1.4133e+08
182 3.2546e+08
183 2.5741e+08
184 3.7303e+08
185 2.9193e+08
186 3.0447e+08
187 3.6603e+08
188 8.364e+07
189 3.5689e+08
190 3.628e+08
191 1.9462e+08
192 1.9748e+08
193      0
194 3.2497e+08
195 3.2455e+08
196 4.3507e+08
197 3.366e+08
198 3.4307e+08
199 3.5384e+08
200 3.7511e+08
201 3.1689e+08
202 3.7242e+08
203 3.3271e+08
204 4.5215e+08
205 1.7906e+08
206 1.4931e+08
207 2.949e+08
208 1.1885e+08
209 5.1943e+07
210 5.2307e+07
211 4.4972e+08
212 4.0331e+08
213 4.7569e+08
214 4.4305e+08
215 4.5435e+08
216 4.5363e+08
217 3.618e+08
218 4.5886e+08
219 5.5362e+08
220 3.9887e+08
221 4.2351e+08
222 5.201e+08
223 5.0513e+08
224 2.9702e+08
225 1.12e+08
226 5.9334e+08
227 4.0202e+08
228 4.6045e+08
229 5.0235e+08
230 5.7484e+08
231 4.1343e+08
232 5.4732e+08
233 5.6124e+08
234 5.4792e+08
235 5.8387e+08
236 4.6463e+08
237 5.9013e+08
238 5.0419e+08
239 4.6581e+08
240 5.9557e+08
241 5.8024e+08
242 6.6758e+08
243      0
244      0
245 6.0204e+08
246 5.9766e+08
247 3.2448e+08
248 3.5319e+08
249 6.1656e+08
250 6.9321e+08
251 5.4898e+08
252 4.572e+08
253 3.4802e+08
254 6.865e+08
255 7.382e+08
256 7.8775e+08
257 4.942e+08
258 4.8117e+08
259 7.3898e+08
260 7.0748e+08
261 7.5677e+08
262 5.819e+08
263 7.5878e+08
264 6.9365e+08
265 6.2111e+08
266 7.6112e+08
267 7.1125e+08
268 8.4466e+08
269 5.1237e+08
270 4.0809e+08
271 8.8399e+08
272 8.3131e+08
273 7.8461e+08
274 8.2211e+08
275 7.6403e+08
276 6.7214e+08
277 5.5236e+08
278 3.9116e+08
279 6.2861e+08
280 5.4893e+08
281 2.8987e+08
282 2.5383e+08
283 6.7818e+08
284 7.7035e+08
285 4.381e+08
286 5.5189e+08
287 7.3975e+08
288 8.2015e+08
289 7.1109e+08
290 9.9167e+08
291 4.884e+08
292 2.4355e+08
293 4.254e+08
294 4.6727e+08
295 2.8932e+08
296 4.235e+08
297 4.531e+08
298 7.5994e+08
299 9.1652e+08
300 1.0496e+09
301 1.2748e+09
302 1.1584e+09
303 8.772e+08
304 1.496e+08
305 1.4366e+08
306 1.1083e+09
307 1.2513e+09
308 8.8457e+08
309 1.1601e+09
310 1.2225e+09
311 8.3521e+08
312 8.4873e+08
313      0
314      0
315      0
316      0
317      0
318      0
319      0
320      0
321      0
322      0
323      0
324      0
325      0
326      0
327      0
328      0
329      0
330      0
331      0
332      0
333      0
334      0
335      0
336      0
337      0
338      0
339      0
340      0
341      0
342      0
343      0
344      0
345      0
346      0
347      0
348      0
349      0
350      0
351      0
352      0
