1 1.3356e+06
2      0
3 2.2332e+07
4 2.0976e+06
5  30219
6 3.4502e+05
7  42339
8      0
9 1.1741e+07
10 1.2366e+08
11 6.9462e+05
12 1.0402e+05
13  27728
14 1.9553e+05
15 4.1318e+05
16 1.2911e+08
17 8.0721e+06
18  64387
19  34446
20  21690
21 6.97e+05
22 4.8811e+07
23   9143
24 2.6951e+05
25 1.278e+05
26 2.7762e+07
27 6.6934e+07
28 1.2428e+08
29 1.334e+08
30 1.6688e+08
31      0
32 3.4279e+07
33 2.2664e+07
34 6.2801e+07
35 7.4381e+07
36 7.8614e+07
37 1.4756e+07
38 7.5095e+06
39 1.1032e+07
40 1.3603e+07
41 5.0443e+07
42 2.5701e+07
43 6.1351e+07
44 3.8404e+07
45 4.4292e+07
46 1.0484e+08
47 1.2771e+08
48 2.9273e+07
49 4.4981e+07
50 1.26e+08
51 8.1586e+07
52 1.5275e+07
53 1.4165e+07
54 1.4068e+08
55 3.2105e+07
56 2.7489e+07
57 9.8487e+07
58 6.9184e+07
59 1.2128e+08
60 6.255e+06
61   5551
62  24357
63 9.4663e+07
64 1.3944e+08
65 6.2384e+07
66 4.2012e+06
67 6.6109e+06
68 2.03e+08
69 4.4188e+07
70 2.6149e+07
71 4.8336e+07
72 1.1506e+08
73 1.1891e+08
74 1.0587e+08
75 8.5832e+07
76 5.7306e+07
77 6.6679e+07
78 1.7278e+08
79 1.9822e+08
80 1.3471e+08
81 1.3853e+08
82 1.6363e+08
83 1.7679e+08
84 2.0303e+08
85 1.4104e+08
86 1.649e+08
87 1.6547e+08
88 1.8692e+08
89 1.8571e+08
90 1.6394e+08
91 1.8693e+08
92 1.4709e+08
93 1.6301e+08
94 2.0661e+08
95 2.0813e+08
96 1.9932e+08
97 1.4493e+08
98 1.245e+08
99 2.3529e+08
100 8.7898e+07
101 8.2914e+07
102 5.5063e+07
103 3.5692e+07
104 9.0302e+07
105 1.296e+08
106 7.2631e+07
107 1.5379e+07
108 2.7847e+07
109 1.9222e+08
110 2.4708e+08
111 1.5524e+08
112 2.1552e+08
113 2.3845e+08
114 1.8031e+08
115 2.2665e+08
116 1.4051e+08
117 8.829e+07
118 1.6871e+08
119 4.426e+07
120 4.4065e+07
121 2.4301e+08
122 4.3172e+07
123 4.1306e+07
124 1.4344e+08
125 8.8426e+07
126 2.4275e+08
127 1.6722e+08
128 1.5519e+08
129 1.7125e+08
130 2.1453e+08
131 1.9253e+08
132 2.1364e+08
133 2.4314e+08
134 2.459e+08
135 2.2494e+08
136 2.2559e+08
137 2.2956e+08
138 2.4916e+08
139 6.2765e+07
140 3.7937e+07
141 7.8588e+07
142 8.7036e+07
143 2.1531e+08
144 2.4364e+08
145 2.2829e+08
146 1.2724e+08
147 1.5889e+08
148 3.097e+08
149 2.4125e+08
150 1.1601e+08
151 9.3203e+07
152 2.3814e+08
153 2.1685e+08
154 9.3051e+07
155 7.0305e+07
156 2.3661e+08
157 3.1839e+08
158 2.1356e+08
159 1.952e+08
160 3.5462e+08
161 3.3203e+08
162 4.0741e+08
163 2.2645e+08
164 2.7571e+08
165 1.8406e+08
166 2.0518e+08
167 3.0597e+08
168 3.0574e+08
169 2.2707e+08
170 2.8719e+08
171 3.4261e+08
172 1.5822e+08
173 1.612e+08
174 3.3285e+08
175 3.3495e+08
176 1.9479e+08
177 1.7741e+08
178 3.4527e+08
179 1.4832e+08
180 3.4517e+08
181 1.3142e+08
182 3.2606e+08
183 2.5661e+08
184 3.7349e+08
185 2.9268e+08
186 3.0725e+08
187 3.6661e+08
188 8.0503e+07
189 3.607e+08
190 3.6283e+08
191 1.8765e+08
192 1.9371e+08
193      0
194 3.2808e+08
195 3.2909e+08
196 4.421e+08
197 3.2748e+08
198 3.3632e+08
199 3.4034e+08
200 3.5354e+08
201 3.1069e+08
202 3.7542e+08
203 3.3587e+08
204 4.5937e+08
205 1.763e+08
206 1.4715e+08
207 2.9432e+08
208 1.1651e+08
209 5.0179e+07
210 5.0607e+07
211 4.4324e+08
212 4.0792e+08
213 4.8247e+08
214 4.4864e+08
215 4.6339e+08
216 4.5934e+08
217 3.6294e+08
218 4.6721e+08
219 5.6278e+08
220 3.9843e+08
221 4.2442e+08
222 5.2598e+08
223 5.095e+08
224 2.8892e+08
225 1.0727e+08
226 5.9809e+08
227 4.02e+08
228 4.6571e+08
229 5.112e+08
230 5.7989e+08
231 4.1988e+08
232 5.5509e+08
233 5.6817e+08
234 5.5609e+08
235 5.9208e+08
236 4.7293e+08
237 5.9841e+08
238 5.0202e+08
239 4.6082e+08
240 5.961e+08
241 5.8149e+08
242 6.7595e+08
243      0
244      0
245 6.198e+08
246 6.0613e+08
247 3.0631e+08
248 3.3626e+08
249 6.2503e+08
250 6.9656e+08
251 5.4281e+08
252 4.4668e+08
253 3.4512e+08
254 7.0168e+08
255 7.4984e+08
256 7.9713e+08
257 4.9881e+08
258 5.0677e+08
259 7.4949e+08
260 7.0445e+08
261 7.6419e+08
262 5.9043e+08
263 7.7354e+08
264 7.1641e+08
265 6.2313e+08
266 7.685e+08
267 7.2827e+08
268 8.648e+08
269 5.0852e+08
270 3.8994e+08
271 8.9115e+08
272 8.3445e+08
273 7.8644e+08
274 8.3955e+08
275 7.9358e+08
276 6.8038e+08
277 5.9259e+08
278 4.2229e+08
279 6.4643e+08
280 5.8608e+08
281 3.0594e+08
282 2.6977e+08
283 7.5481e+08
284 8.368e+08
285 4.6146e+08
286 5.7834e+08
287 7.5597e+08
288 8.6524e+08
289 7.2761e+08
290 1.0442e+09
291 6.0267e+08
292 3.229e+08
293 5.41e+08
294 4.5493e+08
295 2.8983e+08
296 5.8279e+08
297 4.855e+08
298 7.8508e+08
299 7.8012e+08
300 1.216e+09
301 1.328e+09
302 1.1736e+09
303 8.9852e+08
304 1.885e+08
305 1.8952e+08
306 1.1174e+09
307 1.3094e+09
308 9.3431e+08
309 1.1909e+09
310 1.2298e+09
311 8.4928e+08
312 9.0573e+08
313 6.9676e+08
314 7.614e+08
315 1.3668e+09
316 1.2922e+09
317 1.2896e+09
318 1.2156e+09
319 1.3735e+09
320 1.4211e+09
321      0
322      0
323      0
324      0
325      0
326      0
327      0
328      0
329      0
330      0
331      0
332      0
333      0
334      0
335      0
336      0
337      0
338      0
339      0
340      0
341      0
342      0
343      0
344      0
345      0
346      0
347      0
348      0
349      0
350      0
351      0
352      0
