# Bin     Bin Center     Bin Content
  1       45.250         0.249
  2       92.588         0.242
  3       96.762         0.234
  4       100.939         0.236
  5       105.120         0.276
  6       109.368         0.337
  7       113.618         0.299
  8       117.809         0.349
  9       122.004         0.385
  10       126.203         0.385
  11       130.406         0.380
  12       134.612         0.339
  13       138.821         0.347
  14       143.034         0.382
  15       147.249         0.396
  16       151.469         0.396
  17       155.692         0.378
  18       159.918         0.347
  19       164.208         0.375
  20       168.501         0.352
  21       172.737         0.346
  22       176.976         0.382
  23       181.218         0.403
  24       185.463         0.338
  25       189.712         0.347
  26       193.964         0.383
  27       198.218         0.346
  28       202.476         0.364
  29       206.737         0.409
  30       211.000         0.424
  31       215.266         0.426
  32       219.594         0.420
  33       223.925         0.419
  34       228.201         0.421
  35       232.479         0.418
  36       236.759         0.424
  37       241.042         0.430
  38       245.328         0.432
  39       249.616         0.423
  40       253.908         0.416
  41       258.202         0.421
  42       262.499         0.427
  43       266.798         0.434
  44       271.099         0.438
  45       275.461         0.433
  46       279.825         0.444
  47       284.134         0.448
  48       288.445         0.422
  49       292.759         0.396
  50       297.075         0.443
  51       301.393         0.453
  52       305.712         0.457
  53       310.034         0.458
  54       314.360         0.460
  55       318.687         0.454
  56       323.015         0.442
  57       327.402         0.452
  58       331.791         0.443
  59       336.125         0.465
  60       340.462         0.459
  61       344.799         0.445
  62       349.139         0.464
  63       353.482         0.469
  64       357.825         0.474
  65       362.170         0.477
  66       366.516         0.485
  67       370.864         0.474
  68       375.215         0.477
  69       379.633         0.480
  70       384.052         0.489
  71       388.406         0.467
  72       392.761         0.445
  73       397.117         0.475
  74       401.476         0.491
  75       405.836         0.496
  76       410.195         0.497
  77       414.556         0.507
  78       418.919         0.504
  79       423.283         0.506
  80       427.646         0.509
  81       432.066         0.509
  82       436.487         0.509
  83       440.855         0.523
  84       445.223         0.516
  85       449.591         0.517
  86       453.960         0.524
  87       458.331         0.527
  88       462.701         0.520
  89       467.072         0.524
  90       471.444         0.535
  91       475.816         0.527
  92       480.188         0.535
  93       484.624         0.541
  94       489.060         0.538
  95       493.432         0.537
  96       497.805         0.551
  97       502.178         0.549
  98       506.551         0.543
  99       510.924         0.554
  100       515.297         0.552
  101       519.670         0.557
  102       524.043         0.566
  103       528.416         0.567
  104       532.787         0.566
  105       537.220         0.567
  106       541.652         0.562
  107       546.022         0.579
  108       550.393         0.574
  109       554.763         0.000
  110       559.132         0.000
  111       563.499         0.586
  112       567.866         0.592
  113       572.233         0.597
  114       576.598         0.590
  115       580.963         0.601
  116       585.326         0.611
  117       589.748         0.612
  118       594.169         0.619
  119       598.528         0.626
  120       602.886         0.632
  121       607.242         0.623
  122       611.599         0.627
  123       615.953         0.636
  124       620.306         0.636
  125       624.656         0.626
  126       629.005         0.585
  127       633.353         0.565
  128       637.699         0.555
  129       642.109         0.510
  130       646.518         0.478
  131       650.857         0.463
  132       655.195         0.438
  133       659.530         0.425
  134       663.863         0.453
  135       668.194         0.459
  136       672.522         0.452
  137       676.847         0.460
  138       681.171         0.455
  139       685.492         0.462
  140       689.810         0.462
  141       694.190         0.450
  142       698.568         0.454
  143       702.877         0.466
  144       707.183         0.465
  145       711.487         0.475
  146       715.787         0.460
  147       720.085         0.465
  148       724.378         0.452
  149       728.669         0.474
  150       732.956         0.462
  151       737.240         0.459
  152       741.521         0.461
  153       745.851         0.437
  154       750.177         0.455
  155       754.446         0.486
  156       758.712         0.477
  157       762.973         0.474
  158       767.231         0.476
  159       771.484         0.479
  160       775.734         0.000
  161       779.980         0.472
  162       784.220         0.482
  163       788.457         0.481
  164       792.689         0.479
  165       796.976         0.451
  166       801.258         0.476
  167       805.477         0.484
  168       809.691         0.478
  169       813.899         0.493
  170       818.102         0.495
  171       822.301         0.485
  172       826.495         0.493
  173       830.684         0.489
  174       834.867         0.493
  175       839.046         0.486
  176       843.268         0.495
  177       847.484         0.496
  178       851.646         0.488
  179       855.803         0.496
  180       859.954         0.493
  181       864.099         0.488
  182       868.237         0.497
  183       872.370         0.509
  184       876.498         0.507
  185       880.620         0.500
  186       884.736         0.509
  187       888.899         0.503
  188       893.056         0.499
  189       897.154         0.494
  190       901.244         0.489
  191       905.327         0.476
  192       909.403         0.479
  193       913.473         0.476
  194       917.536         0.470
  195       921.594         0.465
  196       925.643         0.467
  197       929.686         0.468
  198       933.775         0.458
  199       937.856         0.452
  200       941.877         0.468
  201       945.891         0.464
  202       949.898         0.478
  203       953.897         0.457
  204       957.890         0.476
  205       961.875         0.479
  206       965.852         0.484
  207       969.821         0.485
  208       973.782         0.466
  209       977.786         0.486
  210       981.782         0.473
  211       985.720         0.471
  212       989.648         0.483
  213       993.570         0.501
  214       997.482         0.462
  215       1001.387         0.480
  216       1005.284         0.484
  217       1009.173         0.471
  218       1013.053         0.478
  219       1016.924         0.495
  220       1020.833         0.485
  221       1024.735         0.504
  222       1028.581         0.486
  223       1032.417         0.479
  224       1036.243         0.488
  225       1040.061         0.496
  226       1043.871         0.480
  227       1047.670         0.481
  228       1051.460         0.474
  229       1055.243         0.484
  230       1059.062         0.495
  231       1062.870         0.469
  232       1066.623         0.471
  233       1070.367         0.478
  234       1074.101         0.474
  235       1077.825         0.472
  236       1081.541         0.478
  237       1085.246         0.484
  238       1088.941         0.470
  239       1092.627         0.490
  240       1096.340         0.491
  241       1100.042         0.483
  242       1103.698         0.487
  243       1107.344         0.480
  244       1110.979         0.487
  245       1114.604         0.491
  246       1118.219         0.504
  247       1121.823         0.486
  248       1125.417         0.481
  249       1129.001         0.498
  250       1132.615         0.486
  251       1136.219         0.485
  252       1139.771         0.496
  253       1143.311         0.489
  254       1146.842         0.486
  255       1150.362         0.494
  256       1153.871         0.000
  257       1157.369         0.495
  258       1160.856         0.483
  259       1164.366         0.494
  260       1167.865         0.494
  261       1171.318         0.503
  262       1174.762         0.499
  263       1178.194         0.500
  264       1181.615         0.508
  265       1185.025         0.486
  266       1188.424         0.495
  267       1191.812         0.506
  268       1195.224         0.497
  269       1198.626         0.499
  270       1201.979         0.484
  271       1205.321         0.513
  272       1208.652         0.509
  273       1211.970         0.494
  274       1215.277         0.500
  275       1218.574         0.496
  276       1221.859         0.477
  277       1225.168         0.491
  278       1228.464         0.501
  279       1231.712         0.501
  280       1234.951         0.505
  281       1238.178         0.519
  282       1241.392         0.526
  283       1244.596         0.486
  284       1247.788         0.499
  285       1250.967         0.518
  286       1254.176         0.540
  287       1257.373         0.487
  288       1260.518         0.522
  289       1263.651         0.520
  290       1266.772         0.498
  291       1269.882         0.497
  292       1272.981         0.474
  293       1276.067         0.481
  294       1279.143         0.512
  295       1282.207         0.483
  296       1285.258         0.495
  297       1288.331         0.534
  298       1291.392         0.486
  299       1294.409         0.506
  300       1297.416         0.521
  301       1300.410         0.512
  302       1303.392         0.519
  303       1306.363         0.520
  304       1309.323         0.486
  305       1312.311         0.496
  306       1315.287         0.513
  307       1318.214         0.534
  308       1321.129         0.483
  309       1324.034         0.484
  310       1326.927         0.501
  311       1329.811         0.505
  312       1332.683         0.514
  313       1335.545         0.508
  314       1338.396         0.482
  315       1341.276         0.551
  316       1344.145         0.479
  317       1346.962         0.505
  318       1349.757         0.490
  319       1352.532         0.485
  320       1355.304         0.491
  321       1358.085         0.490
  322       1360.913         -0.000
  323       1363.803         0.472
  324       1366.739         0.485
  325       1369.729         0.453
  326       1372.772         0.465
  327       1375.868         0.472
  328       1379.012         0.623
  329       1382.197         25.966
  330       1385.416         4.061
  331       1388.658         0.003
  332       1391.913         0.082
  333       1395.170         0.348
  334       1398.414         2.404
  335       1401.638         13.366
  336       1404.833         0.000
  337       1407.988         0.022
  338       1411.095         69.005
  339       1414.148         110.251
  340       1417.140         144.622
  341       1420.062         27.697
  342       1422.912         23.965
  343       1425.683         0.001
  344       1428.371         0.025
  345       1430.973         0.000
  346       1433.489         0.000
  347       1435.915         0.010
  348       1438.249         -0.000
  349       1440.494         0.077
  350       1442.657         0.000
  351       1444.739         0.811
  352       1446.736         0.000
