##  Aligned-TDC AcquRoot Detector file
##  Generated by macro DM_AlignTDC.C, D.M. 06/10/2010
##  Adapted from the file AlignTDC.C by  J.R.M. Annand
##  Alignment made using data file ./TaggEff_9136.out.root,
##  Auto-Generated Tagger-Ladder Config File
##  ROOT Macro LadderGen_DM.C D.M. 05/10/2010 
##  Adapted from the file LadderGen.C by  J.R.M. Annand
##  Current version changed to suit DAQ changes. D.M. 06/02/2014 
##
##	#FP	Energy	Time	Pos
Size: 	352 	0 	1 	1
##	Scalers	Calib	Overlap	Micro	#trig	Toff	Tres
Misc:	1	1	1	0	0	0.0	0.0
##
Window: -5. 5. 10. 20. 
##
## G 0 - 31  Section AB
##
##       adc low high a0 a1      tdc    low    high  a0    a1     x y z Ecent  Eover scaler
##
Element: 816 0.2 2.5 0.0 0.00050 1438M0 -250.0 250.0 -3457 0.1170 0 0 0 110.28 1.98 2865
Element: 800 0.2 2.5 0.0 0.00050 1432M0 -250.0 250.0 -3473 0.1170 0 0 0 112.27 2.06 2867
Element: 817 0.2 2.5 0.0 0.00050 1454M0 -250.0 250.0 -3458 0.1170 0 0 0 114.36 2.15 2869
Element: 801 0.2 2.5 0.0 0.00050 1448M0 -250.0 250.0 -4918 0.1170 0 0 0 116.52 2.23 2871
Element: 818 0.2 2.5 0.0 0.00050 1439M0 -250.0 250.0 -3457 0.1170 0 0 0 118.77 2.32 2873
Element: 802 0.2 2.5 0.0 0.00050 1433M0 -250.0 250.0 -4896 0.1170 0 0 0 121.10 2.41 2875
Element: 819 0.2 2.5 0.0 0.00050 1455M0 -250.0 250.0 -3505 0.1170 0 0 0 123.53 2.50 2877
Element: 803 0.2 2.5 0.0 0.00050 1449M0 -250.0 250.0 -3505 0.1170 0 0 0 126.04 2.59 2879
Element: 820 0.2 2.5 0.0 0.00050 1440M0 -250.0 250.0 -5749 0.1170 0 0 0 128.65 2.68 2881
Element: 804 0.2 2.5 0.0 0.00050 1434M0 -250.0 250.0 -4724 0.1170 0 0 0 131.33 2.76 2883
Element: 821 0.2 2.5 0.0 0.00050 1456M0 -250.0 250.0 -3209 0.1170 0 0 0 134.11 2.85 2885
Element: 805 0.2 2.5 0.0 0.00050 1450M0 -250.0 250.0 -3618 0.1170 0 0 0 136.95 2.92 2887
Element: 822 0.2 2.5 0.0 0.00050 1441M0 -250.0 250.0 -4997 0.1170 0 0 0 139.88 3.00 2864
Element: 806 0.2 2.5 0.0 0.00050 1435M0 -250.0 250.0 -3304 0.1170 0 0 0 142.87 3.06 2866
Element: 823 0.2 2.5 0.0 0.00050 1457M0 -250.0 250.0 -3295 0.1170 0 0 0 145.92 3.12 2868
Element: 807 0.2 2.5 0.0 0.00050 1451M0 -250.0 250.0 -3306 0.1170 0 0 0 149.03 3.17 2870
Element: 824 0.2 2.5 0.0 0.00050 1442M0 -250.0 250.0 -4103 0.1170 0 0 0 152.19 3.22 2872
Element: 808 0.2 2.5 0.0 0.00050 1436M0 -250.0 250.0 -5711 0.1170 0 0 0 155.38 3.26 2874
Element: 825 0.2 2.5 0.0 0.00050 1458M0 -250.0 250.0 -4734 0.1170 0 0 0 158.61 3.28 2876
Element: 809 0.2 2.5 0.0 0.00050 1452M0 -250.0 250.0 -4115 0.1170 0 0 0 161.85 3.30 2878
Element: 826 0.2 2.5 0.0 0.00050 1443M0 -250.0 250.0 -4398 0.1170 0 0 0 165.11 3.30 2880
Element: 810 0.2 2.5 0.0 0.00050 1437M0 -250.0 250.0 -3791 0.1170 0 0 0 168.36 3.29 2882
Element: 827 0.2 2.5 0.0 0.00050 1459M0 -250.0 250.0 -3309 0.1170 0 0 0 171.60 3.27 2884
Element: 811 0.2 2.5 0.0 0.00050 1453M0 -250.0 250.0 -3305 0.1170 0 0 0 174.82 3.24 2886
Element: 828 0.2 2.5 0.0 0.00050 1444M0 -250.0 250.0 -3305 0.1170 0 0 0 178.01 3.21 2888
Element: 829 0.2 2.5 0.0 0.00050 1460M0 -250.0 250.0 -4052 0.1170 0 0 0 181.15 3.16 2889
Element: 830 0.2 2.5 0.0 0.00050 1445M0 -250.0 250.0 -3297 0.1170 0 0 0 184.25 3.11 2890
Element: 831 0.2 2.5 0.0 0.00050 1461M0 -250.0 250.0 -3298 0.1170 0 0 0 187.29 3.06 2891
Element: 812 0.2 2.5 0.0 0.00050 1446M0 -250.0 250.0 -3296 0.1170 0 0 0 190.28 3.00 2892
Element: 813 0.2 2.5 0.0 0.00050 1462M0 -250.0 250.0 -3295 0.1170 0 0 0 193.22 2.96 2893
Element: 814 0.2 2.5 0.0 0.00050 1447M0 -250.0 250.0 -3505 0.1170 0 0 0 196.11 2.91 2894
Element: 815 0.2 2.5 0.0 0.00050 1463M0 -250.0 250.0 -3295 0.1170 0 0 0 198.96 2.87 2895
##											      
## G 32 - 63  Section CD								      
##											      
Element: 832 0.2 2.5 0.0 0.00050 1464M0 -250.0 250.0 -3307 0.1170 0 0 0 201.75 2.88 2064
Element: 833 0.2 2.5 0.0 0.00050 1480M0 -250.0 250.0 -3310 0.1170 0 0 0 204.55 2.93 2065
Element: 834 0.2 2.5 0.0 0.00050 1465M0 -250.0 250.0 -3304 0.1170 0 0 0 207.34 2.97 2066
Element: 835 0.2 2.5 0.0 0.00050 1481M0 -250.0 250.0 -3306 0.1170 0 0 0 210.13 3.00 2067
Element: 836 0.2 2.5 0.0 0.00050 1466M0 -250.0 250.0 -3215 0.1170 0 0 0 212.95 3.01 2068
Element: 837 0.2 2.5 0.0 0.00050 1482M0 -250.0 250.0 -3327 0.1170 0 0 0 215.78 3.03 2069
Element: 838 0.2 2.5 0.0 0.00050 1467M0 -250.0 250.0 -3305 0.1170 0 0 0 218.67 2.98 2070
Element: 839 0.2 2.5 0.0 0.00050 1483M0 -250.0 250.0 -3305 0.1170 0 0 0 221.49 2.93 2071
Element: 840 0.2 2.5 0.0 0.00050 1468M0 -250.0 250.0 -3306 0.1170 0 0 0 224.36 2.95 2072
Element: 841 0.2 2.5 0.0 0.00050 1484M0 -250.0 250.0 -3305 0.1170 0 0 0 227.24 2.98 2073
Element: 842 0.2 2.5 0.0 0.00050 1469M0 -250.0 250.0 -3377 0.1170 0 0 0 230.13 3.01 2074
Element: 843 0.2 2.5 0.0 0.00050 1485M0 -250.0 250.0 -3469 0.1170 0 0 0 233.04 3.04 2075
Element: 844 0.2 2.5 0.0 0.00050 1470M0 -250.0 250.0 -3297 0.1170 0 0 0 235.95 3.07 2076
Element: 845 0.2 2.5 0.0 0.00050 1486M0 -250.0 250.0 -3385 0.1170 0 0 0 238.87 3.10 2077
Element: 846 0.2 2.5 0.0 0.00050 1471M0 -250.0 250.0 -3295 0.1170 0 0 0 241.81 3.13 2078
Element: 847 0.2 2.5 0.0 0.00050 1487M0 -250.0 250.0 -3301 0.1170 0 0 0 244.76 3.15 2079
Element: 848 0.2 2.5 0.0 0.00050 1472M0 -250.0 250.0 -3301 0.1170 0 0 0 247.75 3.11 2080
Element: 849 0.2 2.5 0.0 0.00050 1488M0 -250.0 250.0 -3300 0.1170 0 0 0 250.68 3.06 2081
Element: 850 0.2 2.5 0.0 0.00050 1473M0 -250.0 250.0 -3308 0.1170 0 0 0 253.66 3.08 2082
Element: 851 0.2 2.5 0.0 0.00050 1489M0 -250.0 250.0 -3726 0.1170 0 0 0 256.65 3.11 2083
Element: 852 0.2 2.5 0.0 0.00050 1474M0 -250.0 250.0 -3307 0.1170 0 0 0 259.65 3.14 2084
Element: 853 0.2 2.5 0.0 0.00050 1490M0 -250.0 250.0 -3298 0.1170 0 0 0 262.67 3.17 2085
Element: 854 0.2 2.5 0.0 0.00050 1475M0 -250.0 250.0 -3306 0.1170 0 0 0 265.69 3.20 2086
Element: 855 0.2 2.5 0.0 0.00050 1491M0 -250.0 250.0 -3191 0.1170 0 0 0 268.73 3.23 2087
Element: 856 0.2 2.5 0.0 0.00050 1476M0 -250.0 250.0 -3307 0.1170 0 0 0 271.81 3.19 2088
Element: 857 0.2 2.5 0.0 0.00050 1492M0 -250.0 250.0 -3308 0.1170 0 0 0 274.84 3.15 2089
Element: 858 0.2 2.5 0.0 0.00050 1477M0 -250.0 250.0 -3386 0.1170 0 0 0 277.91 3.18 2090
Element: 859 0.2 2.5 0.0 0.00050 1493M0 -250.0 250.0 -3298 0.1170 0 0 0 281.00 3.21 2091
Element: 860 0.2 2.5 0.0 0.00050 1478M0 -250.0 250.0 -4308 0.1170 0 0 0 284.09 3.24 2092
Element: 861 0.2 2.5 0.0 0.00050 1494M0 -250.0 250.0 -3306 0.1170 0 0 0 287.20 3.26 2093
Element: 862 0.2 2.5 0.0 0.00050 1479M0 -250.0 250.0 -3313 0.1170 0 0 0 290.32 3.29 2094
Element: 863 0.2 2.5 0.0 0.00050 1495M0 -250.0 250.0 -3916 0.1170 0 0 0 293.45 3.32 2095
##											      
## G 64 - 95  Section EF								      
##											      
Element: 864 0.2 2.5 0.0 0.00050 1496M0 -250.0 250.0 -3300 0.1170 0 0 0 296.59 3.35 2576
Element: 865 0.2 2.5 0.0 0.00050 1512M0 -250.0 250.0 -3300 0.1170 0 0 0 299.74 3.38 2577
Element: 866 0.2 2.5 0.0 0.00050 1497M0 -250.0 250.0 -3309 0.1170 0 0 0 302.91 3.41 2578
Element: 867 0.2 2.5 0.0 0.00050 1513M0 -250.0 250.0 -3308 0.1170 0 0 0 306.12 3.36 2579
Element: 868 0.2 2.5 0.0 0.00050 1498M0 -250.0 250.0 -3304 0.1170 0 0 0 309.27 3.30 2580
Element: 869 0.2 2.5 0.0 0.00050 1514M0 -250.0 250.0 -3308 0.1170 0 0 0 312.47 3.33 2581
Element: 870 0.2 2.5 0.0 0.00050 1499M0 -250.0 250.0 -3300 0.1170 0 0 0 315.68 3.36 2582
Element: 871 0.2 2.5 0.0 0.00050 1515M0 -250.0 250.0 -3299 0.1170 0 0 0 318.91 3.39 2583
Element: 872 0.2 2.5 0.0 0.00050 1500M0 -250.0 250.0 -3305 0.1170 0 0 0 322.14 3.42 2584
Element: 873 0.2 2.5 0.0 0.00050 1516M0 -250.0 250.0 -3309 0.1170 0 0 0 325.39 3.45 2585
Element: 874 0.2 2.5 0.0 0.00050 1501M0 -250.0 250.0 -3294 0.1170 0 0 0 328.65 3.48 2586
Element: 875 0.2 2.5 0.0 0.00050 1517M0 -250.0 250.0 -3309 0.1170 0 0 0 331.92 3.51 2587
Element: 876 0.2 2.5 0.0 0.00050 1502M0 -250.0 250.0 -3308 0.1170 0 0 0 335.23 3.47 2588
Element: 877 0.2 2.5 0.0 0.00050 1518M0 -250.0 250.0 -3298 0.1170 0 0 0 338.49 3.42 2589
Element: 878 0.2 2.5 0.0 0.00050 1503M0 -250.0 250.0 -3290 0.1170 0 0 0 341.80 3.45 2590
Element: 879 0.2 2.5 0.0 0.00050 1519M0 -250.0 250.0 -3299 0.1170 0 0 0 345.11 3.48 2591
Element: 880 0.2 2.5 0.0 0.00050 1504M0 -250.0 250.0 -3297 0.1170 0 0 0 348.44 3.51 2592
Element: 881 0.2 2.5 0.0 0.00050 1520M0 -250.0 250.0 -3303 0.1170 0 0 0 351.78 3.54 2593
Element: 882 0.2 2.5 0.0 0.00050 1505M0 -250.0 250.0 -3309 0.1170 0 0 0 355.13 3.57 2594
Element: 883 0.2 2.5 0.0 0.00050 1521M0 -250.0 250.0 -3500 0.1170 0 0 0 358.49 3.60 2595
Element: 884 0.2 2.5 0.0 0.00050 1506M0 -250.0 250.0 -3500 0.1170 0 0 0 361.87 3.63 2596
Element: 885 0.2 2.5 0.0 0.00050 1522M0 -250.0 250.0 -3307 0.1170 0 0 0 365.29 3.58 2597
Element: 886 0.2 2.5 0.0 0.00050 1507M0 -250.0 250.0 -3314 0.1170 0 0 0 368.65 3.54 2598
Element: 887 0.2 2.5 0.0 0.00050 1523M0 -250.0 250.0 -3312 0.1170 0 0 0 372.06 3.56 2599
Element: 888 0.2 2.5 0.0 0.00050 1508M0 -250.0 250.0 -3309 0.1170 0 0 0 375.47 3.59 2600
Element: 889 0.2 2.5 0.0 0.00050 1524M0 -250.0 250.0 -3294 0.1170 0 0 0 378.90 3.62 2601
Element: 890 0.2 2.5 0.0 0.00050 1509M0 -250.0 250.0 -3301 0.1170 0 0 0 382.34 3.65 2602
Element: 891 0.2 2.5 0.0 0.00050 1525M0 -250.0 250.0 -3304 0.1170 0 0 0 385.80 3.68 2603
Element: 892 0.2 2.5 0.0 0.00050 1510M0 -250.0 250.0 -3299 0.1170 0 0 0 389.26 3.71 2604
Element: 893 0.2 2.5 0.0 0.00050 1526M0 -250.0 250.0 -3149 0.1170 0 0 0 392.73 3.74 2605
Element: 894 0.2 2.5 0.0 0.00050 1511M0 -250.0 250.0 -3294 0.1170 0 0 0 396.25 3.70 2606
Element: 895 0.2 2.5 0.0 0.00050 1527M0 -250.0 250.0 -3289 0.1170 0 0 0 399.72 3.66 2607
##											      
## G 96 - 127  Section GH								      
##											      
Element: 896 0.2 2.5 0.0 0.00050 1528M0 -250.0 250.0 -3500 0.1170 0 0 0 403.22 3.69 2288
Element: 897 0.2 2.5 0.0 0.00050 1544M0 -250.0 250.0 -3304 0.1170 0 0 0 406.74 3.72 2289
Element: 898 0.2 2.5 0.0 0.00050 1529M0 -250.0 250.0 -3297 0.1170 0 0 0 410.27 3.75 2290
Element: 899 0.2 2.5 0.0 0.00050 1545M0 -250.0 250.0 -3294 0.1170 0 0 0 413.81 3.78 2291
Element: 900 0.2 2.5 0.0 0.00050 1530M0 -250.0 250.0 -3303 0.1170 0 0 0 417.36 3.81 2292
Element: 901 0.2 2.5 0.0 0.00050 1546M0 -250.0 250.0 -3305 0.1170 0 0 0 420.92 3.84 2293
Element: 902 0.2 2.5 0.0 0.00050 1531M0 -250.0 250.0 -3299 0.1170 0 0 0 424.49 3.87 2294
Element: 903 0.2 2.5 0.0 0.00050 1547M0 -250.0 250.0 -3295 0.1170 0 0 0 428.12 3.82 2295
Element: 904 0.2 2.5 0.0 0.00050 1532M0 -250.0 250.0 -3097 0.1170 0 0 0 431.67 3.76 2296
Element: 905 0.2 2.5 0.0 0.00050 1548M0 -250.0 250.0 -3302 0.1170 0 0 0 435.27 3.79 2297
Element: 906 0.2 2.5 0.0 0.00050 1533M0 -250.0 250.0 -3293 0.1170 0 0 0 438.89 3.82 2298
Element: 907 0.2 2.5 0.0 0.00050 1549M0 -250.0 250.0 -3502 0.1170 0 0 0 442.51 3.85 2299
Element: 908 0.2 2.5 0.0 0.00050 1534M0 -250.0 250.0 -1343 0.1170 0 0 0 446.14 3.88 2300
Element: 909 0.2 2.5 0.0 0.00050 1550M0 -250.0 250.0 -3293 0.1170 0 0 0 449.79 3.91 2301
Element: 910 0.2 2.5 0.0 0.00050 1535M0 -250.0 250.0 -3300 0.1170 0 0 0 453.44 3.94 2302
Element: 911 0.2 2.5 0.0 0.00050 1551M0 -250.0 250.0 -3294 0.1170 0 0 0 457.11 3.96 2303
Element: 912 0.2 2.5 0.0 0.00050 1536M0 -250.0 250.0 -3296 0.1170 0 0 0 460.79 3.99 2304
Element: 913 0.2 2.5 0.0 0.00050 1552M0 -250.0 250.0 -3296 0.1170 0 0 0 464.51 3.95 2305
Element: 914 0.2 2.5 0.0 0.00050 1537M0 -250.0 250.0 -3298 0.1170 0 0 0 468.16 3.90 2306
Element: 915 0.2 2.5 0.0 0.00050 1553M0 -250.0 250.0 -3289 0.1170 0 0 0 471.87 3.93 2307
Element: 916 0.2 2.5 0.0 0.00050 1538M0 -250.0 250.0 -3309 0.1170 0 0 0 475.59 3.96 2308
Element: 917 0.2 2.5 0.0 0.00050 1554M0 -250.0 250.0 -3296 0.1170 0 0 0 479.31 3.99 2309
Element: 918 0.2 2.5 0.0 0.00050 1539M0 -250.0 250.0 -3293 0.1170 0 0 0 483.05 4.02 2310
Element: 919 0.2 2.5 0.0 0.00050 1555M0 -250.0 250.0 -3287 0.1170 0 0 0 486.79 4.05 2311
Element: 920 0.2 2.5 0.0 0.00050 1540M0 -250.0 250.0 -3298 0.1170 0 0 0 490.54 4.08 2312
Element: 921 0.2 2.5 0.0 0.00050 1556M0 -250.0 250.0 -3287 0.1170 0 0 0 494.31 4.11 2313
Element: 922 0.2 2.5 0.0 0.00050 1541M0 -250.0 250.0 -3300 0.1170 0 0 0 498.08 4.14 2314
Element: 923 0.2 2.5 0.0 0.00050 1557M0 -250.0 250.0 -3292 0.1170 0 0 0 501.91 4.08 2315
Element: 924 0.2 2.5 0.0 0.00050 1542M0 -250.0 250.0 -3286 0.1170 0 0 0 505.65 4.01 2316
Element: 925 0.2 2.5 0.0 0.00050 1558M0 -250.0 250.0 -3289 0.1170 0 0 0 509.45 4.04 2317
Element: 926 0.2 2.5 0.0 0.00050 1543M0 -250.0 250.0 -3294 0.1170 0 0 0 513.26 4.07 2318
Element: 927 0.2 2.5 0.0 0.00050 1559M0 -250.0 250.0 -3282 0.1170 0 0 0 517.08 4.10 2319
##											      
## G 128 - 159  Section IJ								      
##											      
Element: 928 0.2 2.5 0.0 0.00050 1560M0 -250.0 250.0 -3207 0.1170 0 0 0 520.91 4.13 2000
Element: 929 0.2 2.5 0.0 0.00050 1576M0 -250.0 250.0 -3271 0.1170 0 0 0 524.75 4.16 2001
Element: 930 0.2 2.5 0.0 0.00050 1561M0 -250.0 250.0 -3280 0.1170 0 0 0 528.59 4.19 2002
Element: 931 0.2 2.5 0.0 0.00050 1577M0 -250.0 250.0 -3284 0.1170 0 0 0 532.45 4.22 2003
Element: 932 0.2 2.5 0.0 0.00050 1562M0 -250.0 250.0 -3285 0.1170 0 0 0 536.31 4.25 2004
Element: 933 0.2 2.5 0.0 0.00050 1578M0 -250.0 250.0 -3276 0.1170 0 0 0 540.23 4.18 2005
Element: 934 0.2 2.5 0.0 0.00050 1563M0 -250.0 250.0 -3285 0.1170 0 0 0 544.07 4.11 2006
Element: 935 0.2 2.5 0.0 0.00050 1579M0 -250.0 250.0 -3287 0.1170 0 0 0 547.96 4.14 2007
Element: 936 0.2 2.5 0.0 0.00050 1564M0 -250.0 250.0 -3285 0.1170 0 0 0 551.85 4.17 2008
Element: 937 0.2 2.5 0.0 0.00050 1580M0 -250.0 250.0 -3284 0.1170 0 0 0 555.76 4.20 2009
Element: 938 0.2 2.5 0.0 0.00050 1565M0 -250.0 250.0 -3275 0.1170 0 0 0 559.68 4.23 2010
Element: 939 0.2 2.5 0.0 0.00050 1581M0 -250.0 250.0 -3286 0.1170 0 0 0 563.60 4.25 2011
Element: 940 0.2 2.5 0.0 0.00050 1566M0 -250.0 250.0 -3278 0.1170 0 0 0 567.53 4.28 2012
Element: 941 0.2 2.5 0.0 0.00050 1582M0 -250.0 250.0 -3279 0.1170 0 0 0 571.47 4.31 2013
Element: 942 0.2 2.5 0.0 0.00050 1567M0 -250.0 250.0 -3277 0.1170 0 0 0 575.42 4.34 2014
Element: 943 0.2 2.5 0.0 0.00050 1583M0 -250.0 250.0 -3284 0.1170 0 0 0 579.37 4.37 2015
Element: 944 0.2 2.5 0.0 0.00050 1568M0 -250.0 250.0 -3283 0.1170 0 0 0 583.39 4.30 2016
Element: 945 0.2 2.5 0.0 0.00050 1584M0 -250.0 250.0 -3281 0.1170 0 0 0 587.31 4.23 2017
Element: 946 0.2 2.5 0.0 0.00050 1569M0 -250.0 250.0 -3285 0.1170 0 0 0 591.29 4.25 2018
Element: 947 0.2 2.5 0.0 0.00050 1585M0 -250.0 250.0 -3271 0.1170 0 0 0 595.28 4.28 2019
Element: 948 0.2 2.5 0.0 0.00050 1570M0 -250.0 250.0 -3284 0.1170 0 0 0 599.27 4.31 2020
Element: 949 0.2 2.5 0.0 0.00050 1586M0 -250.0 250.0 -3275 0.1170 0 0 0 603.27 4.34 2021
Element: 950 0.2 2.5 0.0 0.00050 1571M0 -250.0 250.0 -3284 0.1170 0 0 0 607.28 4.37 2022
Element: 951 0.2 2.5 0.0 0.00050 1587M0 -250.0 250.0 -3279 0.1170 0 0 0 611.30 4.40 2023
Element: 952 0.2 2.5 0.0 0.00050 1572M0 -250.0 250.0 -3286 0.1170 0 0 0 615.33 4.42 2024
Element: 953 0.2 2.5 0.0 0.00050 1588M0 -250.0 250.0 -3270 0.1170 0 0 0 619.36 4.45 2025
Element: 954 0.2 2.5 0.0 0.00050 1573M0 -250.0 250.0 -3277 0.1170 0 0 0 623.40 4.48 2026
Element: 955 0.2 2.5 0.0 0.00050 1589M0 -250.0 250.0 -3273 0.1170 0 0 0 627.50 4.41 2027
Element: 956 0.2 2.5 0.0 0.00050 1574M0 -250.0 250.0 -3273 0.1170 0 0 0 631.50 4.33 2028
Element: 957 0.2 2.5 0.0 0.00050 1590M0 -250.0 250.0 -3272 0.1170 0 0 0 635.56 4.36 2029
Element: 958 0.2 2.5 0.0 0.00050 1575M0 -250.0 250.0 -3272 0.1170 0 0 0 639.62 4.38 2030
Element: 959 0.2 2.5 0.0 0.00050 1591M0 -250.0 250.0 -3270 0.1170 0 0 0 643.70 4.41 2031
##											      
## G 160 - 191  Section KL								      
##											      
Element: 960 0.2 2.5 0.0 0.00050 1592M0 -250.0 250.0 -3275 0.1170 0 0 0 647.78 4.44 2352
Element: 961 0.2 2.5 0.0 0.00050 1608M0 -250.0 250.0 -3283 0.1170 0 0 0 651.87 4.47 2353
Element: 962 0.2 2.5 0.0 0.00050 1593M0 -250.0 250.0 -3278 0.1170 0 0 0 655.96 4.50 2354
Element: 963 0.2 2.5 0.0 0.00050 1609M0 -250.0 250.0 -3275 0.1170 0 0 0 660.06 4.52 2355
Element: 964 0.2 2.5 0.0 0.00050 1594M0 -250.0 250.0 -3267 0.1170 0 0 0 664.17 4.55 2356
Element: 965 0.2 2.5 0.0 0.00050 1610M0 -250.0 250.0 -3264 0.1170 0 0 0 668.28 4.58 2357
Element: 966 0.2 2.5 0.0 0.00050 1595M0 -250.0 250.0 -3267 0.1170 0 0 0 672.46 4.50 2358
Element: 967 0.2 2.5 0.0 0.00050 1611M0 -250.0 250.0 -3271 0.1170 0 0 0 676.53 4.41 2359
Element: 968 0.2 2.5 0.0 0.00050 1596M0 -250.0 250.0 -3280 0.1170 0 0 0 680.66 4.44 2360
Element: 969 0.2 2.5 0.0 0.00050 1612M0 -250.0 250.0 -3308 0.1170 0 0 0 684.80 4.47 2361
Element: 970 0.2 2.5 0.0 0.00050 1597M0 -250.0 250.0 -3266 0.1170 0 0 0 688.94 4.50 2362
Element: 971 0.2 2.5 0.0 0.00050 1613M0 -250.0 250.0 -3272 0.1170 0 0 0 693.09 4.52 2363
Element: 972 0.2 2.5 0.0 0.00050 1598M0 -250.0 250.0 -3276 0.1170 0 0 0 697.25 4.55 2364
Element: 973 0.2 2.5 0.0 0.00050 1614M0 -250.0 250.0 -3283 0.1170 0 0 0 701.41 4.58 2365
Element: 974 0.2 2.5 0.0 0.00050 1599M0 -250.0 250.0 -3270 0.1170 0 0 0 705.58 4.61 2366
Element: 975 0.2 2.5 0.0 0.00050 1615M0 -250.0 250.0 -3275 0.1170 0 0 0 709.75 4.63 2367
Element: 976 0.2 2.5 0.0 0.00050 1600M0 -250.0 250.0 -3279 0.1170 0 0 0 713.93 4.66 2368
Element: 977 0.2 2.5 0.0 0.00050 1616M0 -250.0 250.0 -3276 0.1170 0 0 0 718.16 4.59 2369
Element: 978 0.2 2.5 0.0 0.00050 1601M0 -250.0 250.0 -3273 0.1170 0 0 0 722.30 4.52 2370
Element: 979 0.2 2.5 0.0 0.00050 1617M0 -250.0 250.0 -3261 0.1170 0 0 0 726.50 4.55 2371
Element: 980 0.2 2.5 0.0 0.00050 1602M0 -250.0 250.0 -3275 0.1170 0 0 0 730.70 4.57 2372
Element: 981 0.2 2.5 0.0 0.00050 1618M0 -250.0 250.0 -3268 0.1170 0 0 0 734.90 4.60 2373
Element: 982 0.2 2.5 0.0 0.00050 1603M0 -250.0 250.0 -3280 0.1170 0 0 0 739.11 4.62 2374
Element: 983 0.2 2.5 0.0 0.00050 1619M0 -250.0 250.0 -3271 0.1170 0 0 0 743.33 4.65 2375
Element: 984 0.2 2.5 0.0 0.00050 1604M0 -250.0 250.0 -3276 0.1170 0 0 0 747.54 4.68 2376
Element: 985 0.2 2.5 0.0 0.00050 1620M0 -250.0 250.0 -3269 0.1170 0 0 0 751.77 4.71 2377
Element: 986 0.2 2.5 0.0 0.00050 1605M0 -250.0 250.0 -3263 0.1170 0 0 0 756.00 4.74 2378
Element: 987 0.2 2.5 0.0 0.00050 1621M0 -250.0 250.0 -3305 0.1170 0 0 0 760.23 4.76 2379
Element: 988 0.2 2.5 0.0 0.00050 1606M0 -250.0 250.0 -3270 0.1170 0 0 0 764.53 4.67 2380
Element: 989 0.2 2.5 0.0 0.00050 1622M0 -250.0 250.0 -3410 0.1170 0 0 0 768.71 4.58 2381
Element: 990 0.2 2.5 0.0 0.00050 1607M0 -250.0 250.0 -3262 0.1170 0 0 0 772.96 4.60 2382
Element: 991 0.2 2.5 0.0 0.00050 1623M0 -250.0 250.0 -3247 0.1170 0 0 0 777.21 4.63 2383
##											      
## G 192 - 223  Section MN								      
##											      
Element: 992 0.2 2.5 0.0 0.00050 1624M0 -250.0 250.0 -3244 0.1170 0 0 0 781.47 4.65 2640
Element: 993 0.2 2.5 0.0 0.00050 1640M0 -250.0 250.0 -3270 0.1170 0 0 0 785.73 4.68 2641
Element: 994 0.2 2.5 0.0 0.00050 1625M0 -250.0 250.0 -3271 0.1170 0 0 0 790.00 4.71 2642
Element: 995 0.2 2.5 0.0 0.00050 1641M0 -250.0 250.0 -3277 0.1170 0 0 0 794.26 4.73 2643
Element: 996 0.2 2.5 0.0 0.00050 1626M0 -250.0 250.0 -3281 0.1170 0 0 0 798.54 4.76 2644
Element: 997 0.2 2.5 0.0 0.00050 1642M0 -250.0 250.0 -3279 0.1170 0 0 0 802.81 4.79 2645
Element: 998 0.2 2.5 0.0 0.00050 1627M0 -250.0 250.0 -3267 0.1170 0 0 0 807.09 4.81 2646
Element: 999 0.2 2.5 0.0 0.00050 1643M0 -250.0 250.0 -3267 0.1170 0 0 0 811.38 4.84 2647
Element: 1000 0.2 2.5 0.0 0.00050 1628M0 -250.0 250.0 -3270 0.1170 0 0 0 815.72 4.76 2648
Element: 1001 0.2 2.5 0.0 0.00050 1644M0 -250.0 250.0 -3271 0.1170 0 0 0 819.96 4.68 2649
Element: 1002 0.2 2.5 0.0 0.00050 1629M0 -250.0 250.0 -3263 0.1170 0 0 0 824.25 4.70 2650
Element: 1003 0.2 2.5 0.0 0.00050 1645M0 -250.0 250.0 -3276 0.1170 0 0 0 828.55 4.73 2651
Element: 1004 0.2 2.5 0.0 0.00050 1630M0 -250.0 250.0 -3263 0.1170 0 0 0 832.85 4.75 2652
Element: 1005 0.2 2.5 0.0 0.00050 1646M0 -250.0 250.0 -3270 0.1170 0 0 0 837.16 4.78 2653
Element: 1006 0.2 2.5 0.0 0.00050 1631M0 -250.0 250.0 -3265 0.1170 0 0 0 841.47 4.81 2654
Element: 1007 0.2 2.5 0.0 0.00050 1647M0 -250.0 250.0 -3265 0.1170 0 0 0 845.78 4.83 2655
Element: 1008 0.2 2.5 0.0 0.00050 1632M0 -250.0 250.0 -3263 0.1170 0 0 0 850.09 4.86 2656
Element: 1009 0.2 2.5 0.0 0.00050 1648M0 -250.0 250.0 -3251 0.1170 0 0 0 854.41 4.88 2657
Element: 1010 0.2 2.5 0.0 0.00050 1633M0 -250.0 250.0 -3260 0.1170 0 0 0 858.73 4.91 2658
Element: 1011 0.2 2.5 0.0 0.00050 1649M0 -250.0 250.0 -3244 0.1170 0 0 0 863.06 4.94 2659
Element: 1012 0.2 2.5 0.0 0.00050 1634M0 -250.0 250.0 -3261 0.1170 0 0 0 867.45 4.83 2660
Element: 1013 0.2 2.5 0.0 0.00050 1650M0 -250.0 250.0 -3255 0.1170 0 0 0 871.71 4.73 2661
Element: 1014 0.2 2.5 0.0 0.00050 1635M0 -250.0 250.0 -3257 0.1170 0 0 0 876.04 4.75 2662
Element: 1015 0.2 2.5 0.0 0.00050 1651M0 -250.0 250.0 -3254 0.1170 0 0 0 880.38 4.78 2663
Element: 1016 0.2 2.5 0.0 0.00050 1636M0 -250.0 250.0 -3268 0.1170 0 0 0 884.72 4.80 2664
Element: 1017 0.2 2.5 0.0 0.00050 1652M0 -250.0 250.0 -3261 0.1170 0 0 0 889.05 4.83 2665
Element: 1018 0.2 2.5 0.0 0.00050 1637M0 -250.0 250.0 -3262 0.1170 0 0 0 893.40 4.85 2666
Element: 1019 0.2 2.5 0.0 0.00050 1653M0 -250.0 250.0 -3252 0.1170 0 0 0 897.74 4.88 2667
Element: 1020 0.2 2.5 0.0 0.00050 1638M0 -250.0 250.0 -3253 0.1170 0 0 0 902.09 4.90 2668
Element: 1021 0.2 2.5 0.0 0.00050 1654M0 -250.0 250.0 -3256 0.1170 0 0 0 906.44 4.93 2669
Element: 1022 0.2 2.5 0.0 0.00050 1639M0 -250.0 250.0 -3250 0.1170 0 0 0 910.79 4.95 2670
Element: 1023 0.2 2.5 0.0 0.00050 1655M0 -250.0 250.0 -3247 0.1170 0 0 0 915.14 4.98 2671
##											     
## G 224 - 255  Section OP								     
##											     
Element: 1024 0.2 2.5 0.0 0.00050 1656M0 -250.0 250.0 -3255 0.1170 0 0 0 919.56 4.87 2032
Element: 1025 0.2 2.5 0.0 0.00050 1672M0 -250.0 250.0 -3251 0.1170 0 0 0 923.85 4.76 2033
Element: 1026 0.2 2.5 0.0 0.00050 1657M0 -250.0 250.0 -3255 0.1170 0 0 0 928.21 4.78 2034
Element: 1027 0.2 2.5 0.0 0.00050 1673M0 -250.0 250.0 -3263 0.1170 0 0 0 932.57 4.81 2035
Element: 1028 0.2 2.5 0.0 0.00050 1658M0 -250.0 250.0 -3266 0.1170 0 0 0 936.93 4.83 2036
Element: 1029 0.2 2.5 0.0 0.00050 1674M0 -250.0 250.0 -3259 0.1170 0 0 0 941.30 4.86 2037
Element: 1030 0.2 2.5 0.0 0.00050 1659M0 -250.0 250.0 -3258 0.1170 0 0 0 945.66 4.88 2038
Element: 1031 0.2 2.5 0.0 0.00050 1675M0 -250.0 250.0 -3262 0.1170 0 0 0 950.03 4.90 2039
Element: 1032 0.2 2.5 0.0 0.00050 1660M0 -250.0 250.0 -3265 0.1170 0 0 0 954.40 4.93 2040
Element: 1033 0.2 2.5 0.0 0.00050 1676M0 -250.0 250.0 -3270 0.1170 0 0 0 958.77 4.95 2041
Element: 1034 0.2 2.5 0.0 0.00050 1661M0 -250.0 250.0 -3244 0.1170 0 0 0 963.14 4.98 2042
Element: 1035 0.2 2.5 0.0 0.00050 1677M0 -250.0 250.0 -3265 0.1170 0 0 0 967.51 5.00 2043
Element: 1036 0.2 2.5 0.0 0.00050 1662M0 -250.0 250.0 -3256 0.1170 0 0 0 971.95 4.91 2044
Element: 1037 0.2 2.5 0.0 0.00050 1678M0 -250.0 250.0 -3257 0.1170 0 0 0 976.26 4.81 2045
Element: 1038 0.2 2.5 0.0 0.00050 1663M0 -250.0 250.0 -3247 0.1170 0 0 0 980.64 4.83 2046
Element: 1039 0.2 2.5 0.0 0.00050 1679M0 -250.0 250.0 -3060 0.1170 0 0 0 985.01 4.86 2047
Element: 1040 0.2 2.5 0.0 0.00050 1664M0 -250.0 250.0 -3259 0.1170 0 0 0 989.39 4.88 2048
Element: 1041 0.2 2.5 0.0 0.00050 1680M0 -250.0 250.0 -3252 0.1170 0 0 0 993.77 4.90 2049
Element: 1042 0.2 2.5 0.0 0.00050 1665M0 -250.0 250.0 -3232 0.1170 0 0 0 998.15 4.92 2050
Element: 1043 0.2 2.5 0.0 0.00050 1681M0 -250.0 250.0 -3246 0.1170 0 0 0 1002.53 4.95 2051
Element: 1044 0.2 2.5 0.0 0.00050 1666M0 -250.0 250.0 -3263 0.1170 0 0 0 1006.91 4.97 2052
Element: 1045 0.2 2.5 0.0 0.00050 1682M0 -250.0 250.0 -3245 0.1170 0 0 0 1011.29 5.00 2053
Element: 1046 0.2 2.5 0.0 0.00050 1667M0 -250.0 250.0 -3246 0.1170 0 0 0 1015.67 5.02 2054
Element: 1047 0.2 2.5 0.0 0.00050 1683M0 -250.0 250.0 -3245 0.1170 0 0 0 1020.05 5.04 2055
Element: 1048 0.2 2.5 0.0 0.00050 1668M0 -250.0 250.0 -3257 0.1170 0 0 0 1024.50 4.94 2056
Element: 1049 0.2 2.5 0.0 0.00050 1684M0 -250.0 250.0 -3249 0.1170 0 0 0 1028.82 4.84 2057
Element: 1050 0.2 2.5 0.0 0.00050 1669M0 -250.0 250.0 -3261 0.1170 0 0 0 1033.20 4.87 2058
Element: 1051 0.2 2.5 0.0 0.00050 1685M0 -250.0 250.0 -3249 0.1170 0 0 0 1037.59 4.89 2059
Element: 1052 0.2 2.5 0.0 0.00050 1670M0 -250.0 250.0 -3500 0.1170 0 0 0 1041.97 4.91 2060
Element: 1053 0.2 2.5 0.0 0.00050 1686M0 -250.0 250.0 -3250 0.1170 0 0 0 1046.36 4.93 2061
Element: 1054 0.2 2.5 0.0 0.00050 1671M0 -250.0 250.0 -3243 0.1170 0 0 0 1050.74 4.96 2062
Element: 1055 0.2 2.5 0.0 0.00050 1687M0 -250.0 250.0 -3230 0.1170 0 0 0 1055.12 4.98 2063
##											     
## G 256 - 287  Section QR								     
##											     
Element: 1056 0.2 2.5 0.0 0.00050 1688M0 -250.0 250.0 -3235 0.1170 0 0 0 1059.51 5.00 2320
Element: 1057 0.2 2.5 0.0 0.00050 1704M0 -250.0 250.0 -3247 0.1170 0 0 0 1063.89 5.02 2321
Element: 1058 0.2 2.5 0.0 0.00050 1689M0 -250.0 250.0 -3242 0.1170 0 0 0 1068.28 5.05 2322
Element: 1059 0.2 2.5 0.0 0.00050 1705M0 -250.0 250.0 -3245 0.1170 0 0 0 1072.66 5.07 2323
Element: 1060 0.2 2.5 0.0 0.00050 1690M0 -250.0 250.0 -3249 0.1170 0 0 0 1077.11 4.96 2324
Element: 1061 0.2 2.5 0.0 0.00050 1706M0 -250.0 250.0 -3235 0.1170 0 0 0 1081.43 4.86 2325
Element: 1062 0.2 2.5 0.0 0.00050 1691M0 -250.0 250.0 -3243 0.1170 0 0 0 1085.81 4.88 2326
Element: 1063 0.2 2.5 0.0 0.00050 1707M0 -250.0 250.0 -3234 0.1170 0 0 0 1090.19 4.90 2327
Element: 1064 0.2 2.5 0.0 0.00050 1692M0 -250.0 250.0 -3245 0.1170 0 0 0 1094.58 4.92 2328
Element: 1065 0.2 2.5 0.0 0.00050 1708M0 -250.0 250.0 -3248 0.1170 0 0 0 1098.96 4.95 2329
Element: 1066 0.2 2.5 0.0 0.00050 1693M0 -250.0 250.0 -3246 0.1170 0 0 0 1103.34 4.97 2330
Element: 1067 0.2 2.5 0.0 0.00050 1709M0 -250.0 250.0 -3246 0.1170 0 0 0 1107.72 4.99 2331
Element: 1068 0.2 2.5 0.0 0.00050 1694M0 -250.0 250.0 -3240 0.1170 0 0 0 1112.10 5.01 2332
Element: 1069 0.2 2.5 0.0 0.00050 1710M0 -250.0 250.0 -3244 0.1170 0 0 0 1116.48 5.03 2333
Element: 1070 0.2 2.5 0.0 0.00050 1695M0 -250.0 250.0 -3239 0.1170 0 0 0 1120.86 5.05 2334
Element: 1071 0.2 2.5 0.0 0.00050 1711M0 -250.0 250.0 -3246 0.1170 0 0 0 1125.23 5.08 2335
Element: 1072 0.2 2.5 0.0 0.00050 1696M0 -250.0 250.0 -3247 0.1170 0 0 0 1129.67 4.99 2336
Element: 1073 0.2 2.5 0.0 0.00050 1712M0 -250.0 250.0 -3231 0.1170 0 0 0 1133.99 4.90 2337
Element: 1074 0.2 2.5 0.0 0.00050 1697M0 -250.0 250.0 -3229 0.1170 0 0 0 1138.36 4.92 2338
Element: 1075 0.2 2.5 0.0 0.00050 1713M0 -250.0 250.0 -3227 0.1170 0 0 0 1142.74 4.94 2339
Element: 1076 0.2 2.5 0.0 0.00050 1698M0 -250.0 250.0 -3245 0.1170 0 0 0 1147.11 4.97 2340
Element: 1077 0.2 2.5 0.0 0.00050 1714M0 -250.0 250.0 -3232 0.1170 0 0 0 1151.48 4.99 2341
Element: 1078 0.2 2.5 0.0 0.00050 1699M0 -250.0 250.0 -3232 0.1170 0 0 0 1155.85 5.01 2342
Element: 1079 0.2 2.5 0.0 0.00050 1715M0 -250.0 250.0 -3234 0.1170 0 0 0 1160.22 5.03 2343
Element: 1080 0.2 2.5 0.0 0.00050 1700M0 -250.0 250.0 -3244 0.1170 0 0 0 1164.59 5.05 2344
Element: 1081 0.2 2.5 0.0 0.00050 1716M0 -250.0 250.0 -3240 0.1170 0 0 0 1168.95 5.07 2345
Element: 1082 0.2 2.5 0.0 0.00050 1701M0 -250.0 250.0 -3226 0.1170 0 0 0 1173.32 5.09 2346
Element: 1083 0.2 2.5 0.0 0.00050 1717M0 -250.0 250.0 -3224 0.1170 0 0 0 1177.68 5.11 2347
Element: 1084 0.2 2.5 0.0 0.00050 1702M0 -250.0 250.0 -3220 0.1170 0 0 0 1182.11 5.00 2348
Element: 1085 0.2 2.5 0.0 0.00050 1718M0 -250.0 250.0 -3226 0.1170 0 0 0 1186.40 4.89 2349
Element: 1086 0.2 2.5 0.0 0.00050 1703M0 -250.0 250.0 -3231 0.1170 0 0 0 1190.76 4.91 2350
Element: 1087 0.2 2.5 0.0 0.00050 1719M0 -250.0 250.0 -3032 0.1170 0 0 0 1195.12 4.93 2351
##											     
## G 288 - 319  Section ST								     
##											     
Element: 1088 0.2 2.5 0.0 0.00050 1720M0 -250.0 250.0 2069 0.1170 0 0 0 1199.48 4.95 2608
Element: 1089 0.2 2.5 0.0 0.00050 1736M0 -250.0 250.0 -3233 0.1170 0 0 0 1203.83 4.97 2609
Element: 1090 0.2 2.5 0.0 0.00050 1721M0 -250.0 250.0 -3235 0.1170 0 0 0 1208.18 4.99 2610
Element: 1091 0.2 2.5 0.0 0.00050 1737M0 -250.0 250.0 -3232 0.1170 0 0 0 1212.54 5.01 2611
Element: 1092 0.2 2.5 0.0 0.00050 1722M0 -250.0 250.0 -3231 0.1170 0 0 0 1216.88 5.03 2612
Element: 1093 0.2 2.5 0.0 0.00050 1738M0 -250.0 250.0 -3237 0.1170 0 0 0 1221.23 5.05 2613
Element: 1094 0.2 2.5 0.0 0.00050 1723M0 -250.0 250.0 -3242 0.1170 0 0 0 1225.58 5.07 2614
Element: 1095 0.2 2.5 0.0 0.00050 1739M0 -250.0 250.0 -3147 0.1170 0 0 0 1229.92 5.09 2615
Element: 1096 0.2 2.5 0.0 0.00050 1724M0 -250.0 250.0 -3235 0.1170 0 0 0 1234.32 4.99 2616
Element: 1097 0.2 2.5 0.0 0.00050 1740M0 -250.0 250.0 -3233 0.1170 0 0 0 1238.60 4.90 2617
Element: 1098 0.2 2.5 0.0 0.00050 1725M0 -250.0 250.0 -3500 0.1170 0 0 0 1242.94 4.92 2618
Element: 1099 0.2 2.5 0.0 0.00050 1741M0 -250.0 250.0 -3236 0.1170 0 0 0 1247.27 4.94 2619
Element: 1100 0.2 2.5 0.0 0.00050 1726M0 -250.0 250.0 -3230 0.1170 0 0 0 1251.61 4.96 2620
Element: 1101 0.2 2.5 0.0 0.00050 1742M0 -250.0 250.0 -3235 0.1170 0 0 0 1255.94 4.98 2621
Element: 1102 0.2 2.5 0.0 0.00050 1727M0 -250.0 250.0 -3226 0.1170 0 0 0 1260.26 5.00 2622
Element: 1103 0.2 2.5 0.0 0.00050 1743M0 -250.0 250.0 -3229 0.1170 0 0 0 1264.59 5.01 2623
Element: 1104 0.2 2.5 0.0 0.00050 1728M0 -250.0 250.0 -3226 0.1170 0 0 0 1268.91 5.03 2624
Element: 1105 0.2 2.5 0.0 0.00050 1744M0 -250.0 250.0 -3227 0.1170 0 0 0 1273.24 5.05 2625
Element: 1106 0.2 2.5 0.0 0.00050 1729M0 -250.0 250.0 -3233 0.1170 0 0 0 1277.56 5.07 2626
Element: 1107 0.2 2.5 0.0 0.00050 1745M0 -250.0 250.0 -3224 0.1170 0 0 0 1281.87 5.09 2627
Element: 1108 0.2 2.5 0.0 0.00050 1730M0 -250.0 250.0 -3239 0.1170 0 0 0 1286.25 4.99 2628
Element: 1109 0.2 2.5 0.0 0.00050 1746M0 -250.0 250.0 -3232 0.1170 0 0 0 1290.50 4.90 2629
Element: 1110 0.2 2.5 0.0 0.00050 1731M0 -250.0 250.0 -3234 0.1170 0 0 0 1294.81 4.92 2630
Element: 1111 0.2 2.5 0.0 0.00050 1747M0 -250.0 250.0 -3231 0.1170 0 0 0 1299.12 4.93 2631
Element: 1112 0.2 2.5 0.0 0.00050 1732M0 -250.0 250.0 -3236 0.1170 0 0 0 1303.42 4.95 2632
Element: 1113 0.2 2.5 0.0 0.00050 1748M0 -250.0 250.0 -3228 0.1170 0 0 0 1307.72 4.97 2633
Element: 1114 0.2 2.5 0.0 0.00050 1733M0 -250.0 250.0 -3229 0.1170 0 0 0 1312.02 4.99 2634
Element: 1115 0.2 2.5 0.0 0.00050 1749M0 -250.0 250.0 -3227 0.1170 0 0 0 1316.32 5.01 2635
Element: 1116 0.2 2.5 0.0 0.00050 1734M0 -250.0 250.0 -3224 0.1170 0 0 0 1320.61 5.03 2636
Element: 1117 0.2 2.5 0.0 0.00050 1750M0 -250.0 250.0 -3222 0.1170 0 0 0 1324.90 5.04 2637
Element: 1118 0.2 2.5 0.0 0.00050 1735M0 -250.0 250.0 -3226 0.1170 0 0 0 1329.19 5.06 2638
Element: 1119 0.2 2.5 0.0 0.00050 1751M0 -250.0 250.0 -3219 0.1170 0 0 0 1333.48 5.08 2639
##											     
## G 320 - 351  Section UV								     
##											     
Element: 1120 0.2 2.5 0.0 0.00050 1752M0 -250.0 250.0 -3227 0.1170 0 0 0 1337.76 5.10 2896
Element: 1121 0.2 2.5 0.0 0.00050 1768M0 -250.0 250.0 -3237 0.1170 0 0 0 1342.10 5.00 2897
Element: 1122 0.2 2.5 0.0 0.00050 1753M0 -250.0 250.0 -3230 0.1170 0 0 0 1346.32 4.90 2898
Element: 1123 0.2 2.5 0.0 0.00050 1769M0 -250.0 250.0 -3225 0.1170 0 0 0 1350.59 4.91 2899
Element: 1124 0.2 2.5 0.0 0.00050 1754M0 -250.0 250.0 -3231 0.1170 0 0 0 1354.86 4.93 2900
Element: 1125 0.2 2.5 0.0 0.00050 1770M0 -250.0 250.0 -3264 0.1170 0 0 0 1359.13 4.95 2901
Element: 1126 0.2 2.5 0.0 0.00050 1755M0 -250.0 250.0 -3062 0.1170 0 0 0 1363.39 4.97 2902
Element: 1127 0.2 2.5 0.0 0.00050 1771M0 -250.0 250.0 -3231 0.1170 0 0 0 1367.65 4.98 2903
Element: 1128 0.2 2.5 0.0 0.00050 1756M0 -250.0 250.0 -3232 0.1170 0 0 0 1371.91 5.00 2904
Element: 1129 0.2 2.5 0.0 0.00050 1772M0 -250.0 250.0 -3236 0.1170 0 0 0 1376.17 5.02 2905
Element: 1130 0.2 2.5 0.0 0.00050 1757M0 -250.0 250.0 -3213 0.1170 0 0 0 1380.42 5.04 2906
Element: 1131 0.2 2.5 0.0 0.00050 1773M0 -250.0 250.0 -3260 0.1170 0 0 0 1384.67 5.05 2907
Element: 1132 0.2 2.5 0.0 0.00050 1758M0 -250.0 250.0 -3223 0.1170 0 0 0 1388.92 5.07 2908
Element: 1133 0.2 2.5 0.0 0.00050 1774M0 -250.0 250.0 -3234 0.1170 0 0 0 1393.16 5.09 2909
Element: 1134 0.2 2.5 0.0 0.00050 1759M0 -250.0 250.0 -3222 0.1170 0 0 0 1397.46 4.98 2910
Element: 1135 0.2 2.5 0.0 0.00050 1775M0 -250.0 250.0 -3233 0.1170 0 0 0 1401.64 4.88 2911
Element: 1136 0.2 2.5 0.0 0.00050 1760M0 -250.0 250.0 -3226 0.1170 0 0 0 1405.87 4.90 2912
Element: 1137 0.2 2.5 0.0 0.00050 1776M0 -250.0 250.0 -3224 0.1170 0 0 0 1410.10 4.91 2913
Element: 1138 0.2 2.5 0.0 0.00050 1761M0 -250.0 250.0 -3232 0.1170 0 0 0 1414.33 4.93 2914
Element: 1139 0.2 2.5 0.0 0.00050 1777M0 -250.0 250.0 -3216 0.1170 0 0 0 1418.55 4.95 2915
Element: 1140 0.2 2.5 0.0 0.00050 1762M0 -250.0 250.0 -3232 0.1170 0 0 0 1422.77 4.96 2916
Element: 1141 0.2 2.5 0.0 0.00050 1778M0 -250.0 250.0 -3228 0.1170 0 0 0 1426.98 4.98 2917
Element: 1142 0.2 2.5 0.0 0.00050 1763M0 -250.0 250.0 -3230 0.1170 0 0 0 1431.19 5.00 2918
Element: 1143 0.2 2.5 0.0 0.00050 1779M0 -250.0 250.0 -3237 0.1170 0 0 0 1435.40 5.01 2919
Element: 1144 0.2 2.5 0.0 0.00050 1764M0 -250.0 250.0 -3238 0.1170 0 0 0 1439.61 5.03 2920
Element: 1145 0.2 2.5 0.0 0.00050 1780M0 -250.0 250.0 -3223 0.1170 0 0 0 1443.81 5.04 2921
Element: 1146 0.2 2.5 0.0 0.00050 1765M0 -250.0 250.0 -3225 0.1170 0 0 0 1448.01 5.06 2922
Element: 1147 0.2 2.5 0.0 0.00050 1781M0 -250.0 250.0 -3222 0.1170 0 0 0 1452.27 4.95 2923
Element: 1148 0.2 2.5 0.0 0.00050 1766M0 -250.0 250.0 -3219 0.1170 0 0 0 1456.39 4.85 2924
Element: 1149 0.2 2.5 0.0 0.00050 1782M0 -250.0 250.0 -3104 0.1170 0 0 0 1460.58 4.86 2925
Element: 1150 0.2 2.5 0.0 0.00050 1767M0 -250.0 250.0 -3213 0.1170 0 0 0 1464.77 4.88 2926
Element: 1151 0.2 2.5 0.0 0.00050 1783M0 -250.0 250.0 -3217 0.1170 0 0 0 1468.95 4.89 2927
Initialise: 
Display: 1D Nhits       32 0 32
Display: 1D NhitsPrompt 32 0 32
Display: 1D NhitsRand   32 0 32
Display: 1D Hits        352 0 352
Display: 1D HitsPrompt  352 0 352
Display: 1D HitsRand    352 0 352
Display: 1D ScalerCurr 352 0 352
Display: 1D ScalerAcc  352 0 352
Display: 1D Eelect   1000 0 1557.0
Display: 1D NDoubles  	32 0 32
Display: 1D Doubles  	352 0 352
Display: 1D TimeOR     1000 -250.0 250.0
Display: 2D TimeOR   200 -250.0 250.0 -1 Hits 352 0 352 -1
Display: 2D TimeOR   200 -250.0 250.0 -1 Doubles 352 0 352 -1
##Display: 1D Time  1000 -250.0 250.0   0 352
#Display: 1D EnergyOR    200 0 2.5
#Display: 2D EnergyOR 100 0 2.5 -1 Hits 352 0 352 -1
#Display: 2D EnergyOR 100 0 2.5 -1 Doubles 352 0 352 -1
#Display: 1D Energy 100 0 2.5   0 352
