##  Auto-Generated Tagger-Ladder Config File
##  ROOT Macro LadderGen_DM.C D.M. 05/10/2010 
##  Adapted from the file LadderGen.C by  J.R.M. Annand
##  Current version changed to suit DAQ changes. D.M. 06/02/2014 
##
##	#FP	Energy	Time	Pos
Size: 	352 	0 	1 	1
##	Scalers	Calib	Overlap	Micro	#trig	Toff	Tres
Misc:	1	1	1	0	0.0	0.0	0.0
##
#Window: 16. 24. -20. -12.
Window: -5. 5. 10. 20. 
##
## G 0 - 31  Section AB
##
Element:  816 0.2 2.5 0.0 0.00050 1438M0 -250.0 250.0 -3500.0 0.1170 0 0 0   0.00   0.00 412
Element:  800 0.2 2.5 0.0 0.00050 1432M0 -250.0 250.0 -3500.0 0.1170 0 0 0   0.00   0.00 400
Element:  817 0.2 2.5 0.0 0.00050 1454M0 -250.0 250.0 -3500.0 0.1170 0 0 0   0.00   0.00 413
Element:  801 0.2 2.5 0.0 0.00050 1448M0 -250.0 250.0 -3500.0 0.1170 0 0 0   0.00   0.00 401
Element:  818 0.2 2.5 0.0 0.00050 1439M0 -250.0 250.0 -3500.0 0.1170 0 0 0   0.00   0.00 414
Element:  802 0.2 2.5 0.0 0.00050 1433M0 -250.0 250.0 -3500.0 0.1170 0 0 0   0.00   0.00 402
Element:  819 0.2 2.5 0.0 0.00050 1455M0 -250.0 250.0 -3500.0 0.1170 0 0 0   0.00   0.00 415
Element:  803 0.2 2.5 0.0 0.00050 1449M0 -250.0 250.0 -3500.0 0.1170 0 0 0   0.00   0.00 403
Element:  820 0.2 2.5 0.0 0.00050 1440M0 -250.0 250.0 -3500.0 0.1170 0 0 0   0.00   0.00 416
Element:  804 0.2 2.5 0.0 0.00050 1434M0 -250.0 250.0 -3500.0 0.1170 0 0 0   0.00   0.00 404
Element:  821 0.2 2.5 0.0 0.00050 1456M0 -250.0 250.0 -3500.0 0.1170 0 0 0   0.00   0.00 417
Element:  805 0.2 2.5 0.0 0.00050 1450M0 -250.0 250.0 -3500.0 0.1170 0 0 0   0.00   0.00 405
Element:  822 0.2 2.5 0.0 0.00050 1441M0 -250.0 250.0 -3500.0 0.1170 0 0 0   0.00   0.00 418
Element:  806 0.2 2.5 0.0 0.00050 1435M0 -250.0 250.0 -3500.0 0.1170 0 0 0   0.00   0.00 406
Element:  823 0.2 2.5 0.0 0.00050 1457M0 -250.0 250.0 -3500.0 0.1170 0 0 0   0.00   0.00 419
Element:  807 0.2 2.5 0.0 0.00050 1451M0 -250.0 250.0 -3500.0 0.1170 0 0 0   0.00   0.00 407
Element:  824 0.2 2.5 0.0 0.00050 1442M0 -250.0 250.0 -3500.0 0.1170 0 0 0   0.00   0.00 420
Element:  808 0.2 2.5 0.0 0.00050 1436M0 -250.0 250.0 -3500.0 0.1170 0 0 0   0.00   0.00 408
Element:  825 0.2 2.5 0.0 0.00050 1458M0 -250.0 250.0 -3500.0 0.1170 0 0 0   0.00   0.00 421
Element:  809 0.2 2.5 0.0 0.00050 1452M0 -250.0 250.0 -3500.0 0.1170 0 0 0   0.00   0.00 409
Element:  826 0.2 2.5 0.0 0.00050 1443M0 -250.0 250.0 -3500.0 0.1170 0 0 0   0.00   0.00 422
Element:  810 0.2 2.5 0.0 0.00050 1437M0 -250.0 250.0 -3500.0 0.1170 0 0 0   0.00   0.00 410
Element:  827 0.2 2.5 0.0 0.00050 1459M0 -250.0 250.0 -3500.0 0.1170 0 0 0   0.00   0.00 423
Element:  811 0.2 2.5 0.0 0.00050 1453M0 -250.0 250.0 -3500.0 0.1170 0 0 0   0.00   0.00 411
Element:  828 0.2 2.5 0.0 0.00050 1444M0 -250.0 250.0 -3500.0 0.1170 0 0 0   0.00   0.00 424
Element:  829 0.2 2.5 0.0 0.00050 1460M0 -250.0 250.0 -3500.0 0.1170 0 0 0   0.00   0.00 425
Element:  830 0.2 2.5 0.0 0.00050 1445M0 -250.0 250.0 -3500.0 0.1170 0 0 0   0.00   0.00 426
Element:  831 0.2 2.5 0.0 0.00050 1461M0 -250.0 250.0 -3500.0 0.1170 0 0 0   0.00   0.00 427
Element:  812 0.2 2.5 0.0 0.00050 1446M0 -250.0 250.0 -3500.0 0.1170 0 0 0   0.00   0.00 428
Element:  813 0.2 2.5 0.0 0.00050 1462M0 -250.0 250.0 -3500.0 0.1170 0 0 0   0.00   0.00 429
Element:  814 0.2 2.5 0.0 0.00050 1447M0 -250.0 250.0 -3500.0 0.1170 0 0 0   0.00   0.00 430
Element:  815 0.2 2.5 0.0 0.00050 1463M0 -250.0 250.0 -3500.0 0.1170 0 0 0   0.00   0.00 431
##
## G 32 - 63  Section CD
##
Element:  832 0.2 2.5 0.0 0.00050 1464M0 -250.0 250.0 -3500.0 0.1170 0 0 0   0.00   0.00 432
Element:  833 0.2 2.5 0.0 0.00050 1480M0 -250.0 250.0 -3500.0 0.1170 0 0 0   0.00   0.00 433
Element:  834 0.2 2.5 0.0 0.00050 1465M0 -250.0 250.0 -3500.0 0.1170 0 0 0   0.00   0.00 434
Element:  835 0.2 2.5 0.0 0.00050 1481M0 -250.0 250.0 -3500.0 0.1170 0 0 0   0.00   0.00 435
Element:  836 0.2 2.5 0.0 0.00050 1466M0 -250.0 250.0 -3500.0 0.1170 0 0 0   0.00   0.00 436
Element:  837 0.2 2.5 0.0 0.00050 1482M0 -250.0 250.0 -3500.0 0.1170 0 0 0   0.00   0.00 437
Element:  838 0.2 2.5 0.0 0.00050 1467M0 -250.0 250.0 -3500.0 0.1170 0 0 0   0.00   0.00 438
Element:  839 0.2 2.5 0.0 0.00050 1483M0 -250.0 250.0 -3500.0 0.1170 0 0 0   0.00   0.00 439
Element:  840 0.2 2.5 0.0 0.00050 1468M0 -250.0 250.0 -3500.0 0.1170 0 0 0   0.00   0.00 440
Element:  841 0.2 2.5 0.0 0.00050 1484M0 -250.0 250.0 -3500.0 0.1170 0 0 0   0.00   0.00 441
Element:  842 0.2 2.5 0.0 0.00050 1469M0 -250.0 250.0 -3500.0 0.1170 0 0 0   0.00   0.00 442
Element:  843 0.2 2.5 0.0 0.00050 1485M0 -250.0 250.0 -3500.0 0.1170 0 0 0   0.00   0.00 443
Element:  844 0.2 2.5 0.0 0.00050 1470M0 -250.0 250.0 -3500.0 0.1170 0 0 0   0.00   0.00 444
Element:  845 0.2 2.5 0.0 0.00050 1486M0 -250.0 250.0 -3500.0 0.1170 0 0 0   0.00   0.00 445
Element:  846 0.2 2.5 0.0 0.00050 1471M0 -250.0 250.0 -3500.0 0.1170 0 0 0   0.00   0.00 446
Element:  847 0.2 2.5 0.0 0.00050 1487M0 -250.0 250.0 -3500.0 0.1170 0 0 0   0.00   0.00 447
Element:  848 0.2 2.5 0.0 0.00050 1472M0 -250.0 250.0 -3500.0 0.1170 0 0 0   0.00   0.00 448
Element:  849 0.2 2.5 0.0 0.00050 1488M0 -250.0 250.0 -3500.0 0.1170 0 0 0   0.00   0.00 449
Element:  850 0.2 2.5 0.0 0.00050 1473M0 -250.0 250.0 -3500.0 0.1170 0 0 0   0.00   0.00 450
Element:  851 0.2 2.5 0.0 0.00050 1489M0 -250.0 250.0 -3500.0 0.1170 0 0 0   0.00   0.00 451
Element:  852 0.2 2.5 0.0 0.00050 1474M0 -250.0 250.0 -3500.0 0.1170 0 0 0   0.00   0.00 452
Element:  853 0.2 2.5 0.0 0.00050 1490M0 -250.0 250.0 -3500.0 0.1170 0 0 0   0.00   0.00 453
Element:  854 0.2 2.5 0.0 0.00050 1475M0 -250.0 250.0 -3500.0 0.1170 0 0 0   0.00   0.00 454
Element:  855 0.2 2.5 0.0 0.00050 1491M0 -250.0 250.0 -3500.0 0.1170 0 0 0   0.00   0.00 455
Element:  856 0.2 2.5 0.0 0.00050 1476M0 -250.0 250.0 -3500.0 0.1170 0 0 0   0.00   0.00 456
Element:  857 0.2 2.5 0.0 0.00050 1492M0 -250.0 250.0 -3500.0 0.1170 0 0 0   0.00   0.00 457
Element:  858 0.2 2.5 0.0 0.00050 1477M0 -250.0 250.0 -3500.0 0.1170 0 0 0   0.00   0.00 458
Element:  859 0.2 2.5 0.0 0.00050 1493M0 -250.0 250.0 -3500.0 0.1170 0 0 0   0.00   0.00 459
Element:  860 0.2 2.5 0.0 0.00050 1478M0 -250.0 250.0 -3500.0 0.1170 0 0 0   0.00   0.00 460
Element:  861 0.2 2.5 0.0 0.00050 1494M0 -250.0 250.0 -3500.0 0.1170 0 0 0   0.00   0.00 461
Element:  862 0.2 2.5 0.0 0.00050 1479M0 -250.0 250.0 -3500.0 0.1170 0 0 0   0.00   0.00 462
Element:  863 0.2 2.5 0.0 0.00050 1495M0 -250.0 250.0 -3500.0 0.1170 0 0 0   0.00   0.00 463
##
## G 64 - 95  Section EF
##
Element:  864 0.2 2.5 0.0 0.00050 1496M0 -250.0 250.0 -3500.0 0.1170 0 0 0   0.00   0.00 464
Element:  865 0.2 2.5 0.0 0.00050 1512M0 -250.0 250.0 -3500.0 0.1170 0 0 0   0.00   0.00 465
Element:  866 0.2 2.5 0.0 0.00050 1497M0 -250.0 250.0 -3500.0 0.1170 0 0 0   0.00   0.00 466
Element:  867 0.2 2.5 0.0 0.00050 1513M0 -250.0 250.0 -3500.0 0.1170 0 0 0   0.00   0.00 467
Element:  868 0.2 2.5 0.0 0.00050 1498M0 -250.0 250.0 -3500.0 0.1170 0 0 0   0.00   0.00 468
Element:  869 0.2 2.5 0.0 0.00050 1514M0 -250.0 250.0 -3500.0 0.1170 0 0 0   0.00   0.00 469
Element:  870 0.2 2.5 0.0 0.00050 1499M0 -250.0 250.0 -3500.0 0.1170 0 0 0   0.00   0.00 470
Element:  871 0.2 2.5 0.0 0.00050 1515M0 -250.0 250.0 -3500.0 0.1170 0 0 0   0.00   0.00 471
Element:  872 0.2 2.5 0.0 0.00050 1500M0 -250.0 250.0 -3500.0 0.1170 0 0 0   0.00   0.00 472
Element:  873 0.2 2.5 0.0 0.00050 1516M0 -250.0 250.0 -3500.0 0.1170 0 0 0   0.00   0.00 473
Element:  874 0.2 2.5 0.0 0.00050 1501M0 -250.0 250.0 -3500.0 0.1170 0 0 0   0.00   0.00 474
Element:  875 0.2 2.5 0.0 0.00050 1517M0 -250.0 250.0 -3500.0 0.1170 0 0 0   0.00   0.00 475
Element:  876 0.2 2.5 0.0 0.00050 1502M0 -250.0 250.0 -3500.0 0.1170 0 0 0   0.00   0.00 476
Element:  877 0.2 2.5 0.0 0.00050 1518M0 -250.0 250.0 -3500.0 0.1170 0 0 0   0.00   0.00 477
Element:  878 0.2 2.5 0.0 0.00050 1503M0 -250.0 250.0 -3500.0 0.1170 0 0 0   0.00   0.00 478
Element:  879 0.2 2.5 0.0 0.00050 1519M0 -250.0 250.0 -3500.0 0.1170 0 0 0   0.00   0.00 479
Element:  880 0.2 2.5 0.0 0.00050 1504M0 -250.0 250.0 -3500.0 0.1170 0 0 0   0.00   0.00 480
Element:  881 0.2 2.5 0.0 0.00050 1520M0 -250.0 250.0 -3500.0 0.1170 0 0 0   0.00   0.00 481
Element:  882 0.2 2.5 0.0 0.00050 1505M0 -250.0 250.0 -3500.0 0.1170 0 0 0   0.00   0.00 482
Element:  883 0.2 2.5 0.0 0.00050 1521M0 -250.0 250.0 -3500.0 0.1170 0 0 0   0.00   0.00 483
Element:  884 0.2 2.5 0.0 0.00050 1506M0 -250.0 250.0 -3500.0 0.1170 0 0 0   0.00   0.00 484
Element:  885 0.2 2.5 0.0 0.00050 1522M0 -250.0 250.0 -3500.0 0.1170 0 0 0   0.00   0.00 485
Element:  886 0.2 2.5 0.0 0.00050 1507M0 -250.0 250.0 -3500.0 0.1170 0 0 0   0.00   0.00 486
Element:  887 0.2 2.5 0.0 0.00050 1523M0 -250.0 250.0 -3500.0 0.1170 0 0 0   0.00   0.00 487
Element:  888 0.2 2.5 0.0 0.00050 1508M0 -250.0 250.0 -3500.0 0.1170 0 0 0   0.00   0.00 488
Element:  889 0.2 2.5 0.0 0.00050 1524M0 -250.0 250.0 -3500.0 0.1170 0 0 0   0.00   0.00 489
Element:  890 0.2 2.5 0.0 0.00050 1509M0 -250.0 250.0 -3500.0 0.1170 0 0 0   0.00   0.00 490
Element:  891 0.2 2.5 0.0 0.00050 1525M0 -250.0 250.0 -3500.0 0.1170 0 0 0   0.00   0.00 491
Element:  892 0.2 2.5 0.0 0.00050 1510M0 -250.0 250.0 -3500.0 0.1170 0 0 0   0.00   0.00 492
Element:  893 0.2 2.5 0.0 0.00050 1526M0 -250.0 250.0 -3500.0 0.1170 0 0 0   0.00   0.00 493
Element:  894 0.2 2.5 0.0 0.00050 1511M0 -250.0 250.0 -3500.0 0.1170 0 0 0   0.00   0.00 494
Element:  895 0.2 2.5 0.0 0.00050 1527M0 -250.0 250.0 -3500.0 0.1170 0 0 0   0.00   0.00 495
##
## G 96 - 127  Section GH
##
Element:  896 0.2 2.5 0.0 0.00050 1528M0 -250.0 250.0 -3500.0 0.1170 0 0 0   0.00   0.00 496
Element:  897 0.2 2.5 0.0 0.00050 1544M0 -250.0 250.0 -3500.0 0.1170 0 0 0   0.00   0.00 497
Element:  898 0.2 2.5 0.0 0.00050 1529M0 -250.0 250.0 -3500.0 0.1170 0 0 0   0.00   0.00 498
Element:  899 0.2 2.5 0.0 0.00050 1545M0 -250.0 250.0 -3500.0 0.1170 0 0 0   0.00   0.00 499
Element:  900 0.2 2.5 0.0 0.00050 1530M0 -250.0 250.0 -3500.0 0.1170 0 0 0   0.00   0.00 500
Element:  901 0.2 2.5 0.0 0.00050 1546M0 -250.0 250.0 -3500.0 0.1170 0 0 0   0.00   0.00 501
Element:  902 0.2 2.5 0.0 0.00050 1531M0 -250.0 250.0 -3500.0 0.1170 0 0 0   0.00   0.00 502
Element:  903 0.2 2.5 0.0 0.00050 1547M0 -250.0 250.0 -3500.0 0.1170 0 0 0   0.00   0.00 503
Element:  904 0.2 2.5 0.0 0.00050 1532M0 -250.0 250.0 -3500.0 0.1170 0 0 0   0.00   0.00 504
Element:  905 0.2 2.5 0.0 0.00050 1548M0 -250.0 250.0 -3500.0 0.1170 0 0 0   0.00   0.00 505
Element:  906 0.2 2.5 0.0 0.00050 1533M0 -250.0 250.0 -3500.0 0.1170 0 0 0   0.00   0.00 506
Element:  907 0.2 2.5 0.0 0.00050 1549M0 -250.0 250.0 -3500.0 0.1170 0 0 0   0.00   0.00 507
Element:  908 0.2 2.5 0.0 0.00050 1534M0 -250.0 250.0 -3500.0 0.1170 0 0 0   0.00   0.00 508
Element:  909 0.2 2.5 0.0 0.00050 1550M0 -250.0 250.0 -3500.0 0.1170 0 0 0   0.00   0.00 509
Element:  910 0.2 2.5 0.0 0.00050 1535M0 -250.0 250.0 -3500.0 0.1170 0 0 0   0.00   0.00 510
Element:  911 0.2 2.5 0.0 0.00050 1551M0 -250.0 250.0 -3500.0 0.1170 0 0 0   0.00   0.00 511
Element:  912 0.2 2.5 0.0 0.00050 1536M0 -250.0 250.0 -3500.0 0.1170 0 0 0   0.00   0.00 512
Element:  913 0.2 2.5 0.0 0.00050 1552M0 -250.0 250.0 -3500.0 0.1170 0 0 0   0.00   0.00 513
Element:  914 0.2 2.5 0.0 0.00050 1537M0 -250.0 250.0 -3500.0 0.1170 0 0 0   0.00   0.00 514
Element:  915 0.2 2.5 0.0 0.00050 1553M0 -250.0 250.0 -3500.0 0.1170 0 0 0   0.00   0.00 515
Element:  916 0.2 2.5 0.0 0.00050 1538M0 -250.0 250.0 -3500.0 0.1170 0 0 0   0.00   0.00 516
Element:  917 0.2 2.5 0.0 0.00050 1554M0 -250.0 250.0 -3500.0 0.1170 0 0 0   0.00   0.00 517
Element:  918 0.2 2.5 0.0 0.00050 1539M0 -250.0 250.0 -3500.0 0.1170 0 0 0   0.00   0.00 518
Element:  919 0.2 2.5 0.0 0.00050 1555M0 -250.0 250.0 -3500.0 0.1170 0 0 0   0.00   0.00 519
Element:  920 0.2 2.5 0.0 0.00050 1540M0 -250.0 250.0 -3500.0 0.1170 0 0 0   0.00   0.00 520
Element:  921 0.2 2.5 0.0 0.00050 1556M0 -250.0 250.0 -3500.0 0.1170 0 0 0   0.00   0.00 521
Element:  922 0.2 2.5 0.0 0.00050 1541M0 -250.0 250.0 -3500.0 0.1170 0 0 0   0.00   0.00 522
Element:  923 0.2 2.5 0.0 0.00050 1557M0 -250.0 250.0 -3500.0 0.1170 0 0 0   0.00   0.00 523
Element:  924 0.2 2.5 0.0 0.00050 1542M0 -250.0 250.0 -3500.0 0.1170 0 0 0   0.00   0.00 524
Element:  925 0.2 2.5 0.0 0.00050 1558M0 -250.0 250.0 -3500.0 0.1170 0 0 0   0.00   0.00 525
Element:  926 0.2 2.5 0.0 0.00050 1543M0 -250.0 250.0 -3500.0 0.1170 0 0 0   0.00   0.00 526
Element:  927 0.2 2.5 0.0 0.00050 1559M0 -250.0 250.0 -3500.0 0.1170 0 0 0   0.00   0.00 527
##
## G 128 - 159  Section IJ
##
Element:  928 0.2 2.5 0.0 0.00050 1560M0 -250.0 250.0 -3500.0 0.1170 0 0 0   0.00   0.00 528
Element:  929 0.2 2.5 0.0 0.00050 1576M0 -250.0 250.0 -3500.0 0.1170 0 0 0   0.00   0.00 529
Element:  930 0.2 2.5 0.0 0.00050 1561M0 -250.0 250.0 -3500.0 0.1170 0 0 0   0.00   0.00 530
Element:  931 0.2 2.5 0.0 0.00050 1577M0 -250.0 250.0 -3500.0 0.1170 0 0 0   0.00   0.00 531
Element:  932 0.2 2.5 0.0 0.00050 1562M0 -250.0 250.0 -3500.0 0.1170 0 0 0   0.00   0.00 532
Element:  933 0.2 2.5 0.0 0.00050 1578M0 -250.0 250.0 -3500.0 0.1170 0 0 0   0.00   0.00 533
Element:  934 0.2 2.5 0.0 0.00050 1563M0 -250.0 250.0 -3500.0 0.1170 0 0 0   0.00   0.00 534
Element:  935 0.2 2.5 0.0 0.00050 1579M0 -250.0 250.0 -3500.0 0.1170 0 0 0   0.00   0.00 535
Element:  936 0.2 2.5 0.0 0.00050 1564M0 -250.0 250.0 -3500.0 0.1170 0 0 0   0.00   0.00 536
Element:  937 0.2 2.5 0.0 0.00050 1580M0 -250.0 250.0 -3500.0 0.1170 0 0 0   0.00   0.00 537
Element:  938 0.2 2.5 0.0 0.00050 1565M0 -250.0 250.0 -3500.0 0.1170 0 0 0   0.00   0.00 538
Element:  939 0.2 2.5 0.0 0.00050 1581M0 -250.0 250.0 -3500.0 0.1170 0 0 0   0.00   0.00 539
Element:  940 0.2 2.5 0.0 0.00050 1566M0 -250.0 250.0 -3500.0 0.1170 0 0 0   0.00   0.00 540
Element:  941 0.2 2.5 0.0 0.00050 1582M0 -250.0 250.0 -3500.0 0.1170 0 0 0   0.00   0.00 541
Element:  942 0.2 2.5 0.0 0.00050 1567M0 -250.0 250.0 -3500.0 0.1170 0 0 0   0.00   0.00 542
Element:  943 0.2 2.5 0.0 0.00050 1583M0 -250.0 250.0 -3500.0 0.1170 0 0 0   0.00   0.00 543
Element:  944 0.2 2.5 0.0 0.00050 1568M0 -250.0 250.0 -3500.0 0.1170 0 0 0   0.00   0.00 544
Element:  945 0.2 2.5 0.0 0.00050 1584M0 -250.0 250.0 -3500.0 0.1170 0 0 0   0.00   0.00 545
Element:  946 0.2 2.5 0.0 0.00050 1569M0 -250.0 250.0 -3500.0 0.1170 0 0 0   0.00   0.00 546
Element:  947 0.2 2.5 0.0 0.00050 1585M0 -250.0 250.0 -3500.0 0.1170 0 0 0   0.00   0.00 547
Element:  948 0.2 2.5 0.0 0.00050 1570M0 -250.0 250.0 -3500.0 0.1170 0 0 0   0.00   0.00 548
Element:  949 0.2 2.5 0.0 0.00050 1586M0 -250.0 250.0 -3500.0 0.1170 0 0 0   0.00   0.00 549
Element:  950 0.2 2.5 0.0 0.00050 1571M0 -250.0 250.0 -3500.0 0.1170 0 0 0   0.00   0.00 550
Element:  951 0.2 2.5 0.0 0.00050 1587M0 -250.0 250.0 -3500.0 0.1170 0 0 0   0.00   0.00 551
Element:  952 0.2 2.5 0.0 0.00050 1572M0 -250.0 250.0 -3500.0 0.1170 0 0 0   0.00   0.00 552
Element:  953 0.2 2.5 0.0 0.00050 1588M0 -250.0 250.0 -3500.0 0.1170 0 0 0   0.00   0.00 553
Element:  954 0.2 2.5 0.0 0.00050 1573M0 -250.0 250.0 -3500.0 0.1170 0 0 0   0.00   0.00 554
Element:  955 0.2 2.5 0.0 0.00050 1589M0 -250.0 250.0 -3500.0 0.1170 0 0 0   0.00   0.00 555
Element:  956 0.2 2.5 0.0 0.00050 1574M0 -250.0 250.0 -3500.0 0.1170 0 0 0   0.00   0.00 556
Element:  957 0.2 2.5 0.0 0.00050 1590M0 -250.0 250.0 -3500.0 0.1170 0 0 0   0.00   0.00 557
Element:  958 0.2 2.5 0.0 0.00050 1575M0 -250.0 250.0 -3500.0 0.1170 0 0 0   0.00   0.00 558
Element:  959 0.2 2.5 0.0 0.00050 1591M0 -250.0 250.0 -3500.0 0.1170 0 0 0   0.00   0.00 559
##
## G 160 - 191  Section KL
##
Element:  960 0.2 2.5 0.0 0.00050 1592M0 -250.0 250.0 -3500.0 0.1170 0 0 0   0.00   0.00 560
Element:  961 0.2 2.5 0.0 0.00050 1608M0 -250.0 250.0 -3500.0 0.1170 0 0 0   0.00   0.00 561
Element:  962 0.2 2.5 0.0 0.00050 1593M0 -250.0 250.0 -3500.0 0.1170 0 0 0   0.00   0.00 562
Element:  963 0.2 2.5 0.0 0.00050 1609M0 -250.0 250.0 -3500.0 0.1170 0 0 0   0.00   0.00 563
Element:  964 0.2 2.5 0.0 0.00050 1594M0 -250.0 250.0 -3500.0 0.1170 0 0 0   0.00   0.00 564
Element:  965 0.2 2.5 0.0 0.00050 1610M0 -250.0 250.0 -3500.0 0.1170 0 0 0   0.00   0.00 565
Element:  966 0.2 2.5 0.0 0.00050 1595M0 -250.0 250.0 -3500.0 0.1170 0 0 0   0.00   0.00 566
Element:  967 0.2 2.5 0.0 0.00050 1611M0 -250.0 250.0 -3500.0 0.1170 0 0 0   0.00   0.00 567
Element:  968 0.2 2.5 0.0 0.00050 1596M0 -250.0 250.0 -3500.0 0.1170 0 0 0   0.00   0.00 568
Element:  969 0.2 2.5 0.0 0.00050 1612M0 -250.0 250.0 -3500.0 0.1170 0 0 0   0.00   0.00 569
Element:  970 0.2 2.5 0.0 0.00050 1597M0 -250.0 250.0 -3500.0 0.1170 0 0 0   0.00   0.00 570
Element:  971 0.2 2.5 0.0 0.00050 1613M0 -250.0 250.0 -3500.0 0.1170 0 0 0   0.00   0.00 571
Element:  972 0.2 2.5 0.0 0.00050 1598M0 -250.0 250.0 -3500.0 0.1170 0 0 0   0.00   0.00 572
Element:  973 0.2 2.5 0.0 0.00050 1614M0 -250.0 250.0 -3500.0 0.1170 0 0 0   0.00   0.00 573
Element:  974 0.2 2.5 0.0 0.00050 1599M0 -250.0 250.0 -3500.0 0.1170 0 0 0   0.00   0.00 574
Element:  975 0.2 2.5 0.0 0.00050 1615M0 -250.0 250.0 -3500.0 0.1170 0 0 0   0.00   0.00 575
Element:  976 0.2 2.5 0.0 0.00050 1600M0 -250.0 250.0 -3500.0 0.1170 0 0 0   0.00   0.00 576
Element:  977 0.2 2.5 0.0 0.00050 1616M0 -250.0 250.0 -3500.0 0.1170 0 0 0   0.00   0.00 577
Element:  978 0.2 2.5 0.0 0.00050 1601M0 -250.0 250.0 -3500.0 0.1170 0 0 0   0.00   0.00 578
Element:  979 0.2 2.5 0.0 0.00050 1617M0 -250.0 250.0 -3500.0 0.1170 0 0 0   0.00   0.00 579
Element:  980 0.2 2.5 0.0 0.00050 1602M0 -250.0 250.0 -3500.0 0.1170 0 0 0   0.00   0.00 580
Element:  981 0.2 2.5 0.0 0.00050 1618M0 -250.0 250.0 -3500.0 0.1170 0 0 0   0.00   0.00 581
Element:  982 0.2 2.5 0.0 0.00050 1603M0 -250.0 250.0 -3500.0 0.1170 0 0 0   0.00   0.00 582
Element:  983 0.2 2.5 0.0 0.00050 1619M0 -250.0 250.0 -3500.0 0.1170 0 0 0   0.00   0.00 583
Element:  984 0.2 2.5 0.0 0.00050 1604M0 -250.0 250.0 -3500.0 0.1170 0 0 0   0.00   0.00 584
Element:  985 0.2 2.5 0.0 0.00050 1620M0 -250.0 250.0 -3500.0 0.1170 0 0 0   0.00   0.00 585
Element:  986 0.2 2.5 0.0 0.00050 1605M0 -250.0 250.0 -3500.0 0.1170 0 0 0   0.00   0.00 586
Element:  987 0.2 2.5 0.0 0.00050 1621M0 -250.0 250.0 -3500.0 0.1170 0 0 0   0.00   0.00 587
Element:  988 0.2 2.5 0.0 0.00050 1606M0 -250.0 250.0 -3500.0 0.1170 0 0 0   0.00   0.00 588
Element:  989 0.2 2.5 0.0 0.00050 1622M0 -250.0 250.0 -3500.0 0.1170 0 0 0   0.00   0.00 589
Element:  990 0.2 2.5 0.0 0.00050 1607M0 -250.0 250.0 -3500.0 0.1170 0 0 0   0.00   0.00 590
Element:  991 0.2 2.5 0.0 0.00050 1623M0 -250.0 250.0 -3500.0 0.1170 0 0 0   0.00   0.00 591
##
## G 192 - 223  Section MN
##
Element:  992 0.2 2.5 0.0 0.00050 1624M0 -250.0 250.0 -3500.0 0.1170 0 0 0   0.00   0.00 592
Element:  993 0.2 2.5 0.0 0.00050 1640M0 -250.0 250.0 -3500.0 0.1170 0 0 0   0.00   0.00 593
Element:  994 0.2 2.5 0.0 0.00050 1625M0 -250.0 250.0 -3500.0 0.1170 0 0 0   0.00   0.00 594
Element:  995 0.2 2.5 0.0 0.00050 1641M0 -250.0 250.0 -3500.0 0.1170 0 0 0   0.00   0.00 595
Element:  996 0.2 2.5 0.0 0.00050 1626M0 -250.0 250.0 -3500.0 0.1170 0 0 0   0.00   0.00 596
Element:  997 0.2 2.5 0.0 0.00050 1642M0 -250.0 250.0 -3500.0 0.1170 0 0 0   0.00   0.00 597
Element:  998 0.2 2.5 0.0 0.00050 1627M0 -250.0 250.0 -3500.0 0.1170 0 0 0   0.00   0.00 598
Element:  999 0.2 2.5 0.0 0.00050 1643M0 -250.0 250.0 -3500.0 0.1170 0 0 0   0.00   0.00 599
Element: 1000 0.2 2.5 0.0 0.00050 1628M0 -250.0 250.0 -3500.0 0.1170 0 0 0   0.00   0.00 600
Element: 1001 0.2 2.5 0.0 0.00050 1644M0 -250.0 250.0 -3500.0 0.1170 0 0 0   0.00   0.00 601
Element: 1002 0.2 2.5 0.0 0.00050 1629M0 -250.0 250.0 -3500.0 0.1170 0 0 0   0.00   0.00 602
Element: 1003 0.2 2.5 0.0 0.00050 1645M0 -250.0 250.0 -3500.0 0.1170 0 0 0   0.00   0.00 603
Element: 1004 0.2 2.5 0.0 0.00050 1630M0 -250.0 250.0 -3500.0 0.1170 0 0 0   0.00   0.00 604
Element: 1005 0.2 2.5 0.0 0.00050 1646M0 -250.0 250.0 -3500.0 0.1170 0 0 0   0.00   0.00 605
Element: 1006 0.2 2.5 0.0 0.00050 1631M0 -250.0 250.0 -3500.0 0.1170 0 0 0   0.00   0.00 606
Element: 1007 0.2 2.5 0.0 0.00050 1647M0 -250.0 250.0 -3500.0 0.1170 0 0 0   0.00   0.00 607
Element: 1008 0.2 2.5 0.0 0.00050 1632M0 -250.0 250.0 -3500.0 0.1170 0 0 0   0.00   0.00 608
Element: 1009 0.2 2.5 0.0 0.00050 1648M0 -250.0 250.0 -3500.0 0.1170 0 0 0   0.00   0.00 609
Element: 1010 0.2 2.5 0.0 0.00050 1633M0 -250.0 250.0 -3500.0 0.1170 0 0 0   0.00   0.00 610
Element: 1011 0.2 2.5 0.0 0.00050 1649M0 -250.0 250.0 -3500.0 0.1170 0 0 0   0.00   0.00 611
Element: 1012 0.2 2.5 0.0 0.00050 1634M0 -250.0 250.0 -3500.0 0.1170 0 0 0   0.00   0.00 612
Element: 1013 0.2 2.5 0.0 0.00050 1650M0 -250.0 250.0 -3500.0 0.1170 0 0 0   0.00   0.00 613
Element: 1014 0.2 2.5 0.0 0.00050 1635M0 -250.0 250.0 -3500.0 0.1170 0 0 0   0.00   0.00 614
Element: 1015 0.2 2.5 0.0 0.00050 1651M0 -250.0 250.0 -3500.0 0.1170 0 0 0   0.00   0.00 615
Element: 1016 0.2 2.5 0.0 0.00050 1636M0 -250.0 250.0 -3500.0 0.1170 0 0 0   0.00   0.00 616
Element: 1017 0.2 2.5 0.0 0.00050 1652M0 -250.0 250.0 -3500.0 0.1170 0 0 0   0.00   0.00 617
Element: 1018 0.2 2.5 0.0 0.00050 1637M0 -250.0 250.0 -3500.0 0.1170 0 0 0   0.00   0.00 618
Element: 1019 0.2 2.5 0.0 0.00050 1653M0 -250.0 250.0 -3500.0 0.1170 0 0 0   0.00   0.00 619
Element: 1020 0.2 2.5 0.0 0.00050 1638M0 -250.0 250.0 -3500.0 0.1170 0 0 0   0.00   0.00 620
Element: 1021 0.2 2.5 0.0 0.00050 1654M0 -250.0 250.0 -3500.0 0.1170 0 0 0   0.00   0.00 621
Element: 1022 0.2 2.5 0.0 0.00050 1639M0 -250.0 250.0 -3500.0 0.1170 0 0 0   0.00   0.00 622
Element: 1023 0.2 2.5 0.0 0.00050 1655M0 -250.0 250.0 -3500.0 0.1170 0 0 0   0.00   0.00 623
##
## G 224 - 255  Section OP
##
Element: 1024 0.2 2.5 0.0 0.00050 1656M0 -250.0 250.0 -3500.0 0.1170 0 0 0   0.00   0.00 624
Element: 1025 0.2 2.5 0.0 0.00050 1672M0 -250.0 250.0 -3500.0 0.1170 0 0 0   0.00   0.00 625
Element: 1026 0.2 2.5 0.0 0.00050 1657M0 -250.0 250.0 -3500.0 0.1170 0 0 0   0.00   0.00 626
Element: 1027 0.2 2.5 0.0 0.00050 1673M0 -250.0 250.0 -3500.0 0.1170 0 0 0   0.00   0.00 627
Element: 1028 0.2 2.5 0.0 0.00050 1658M0 -250.0 250.0 -3500.0 0.1170 0 0 0   0.00   0.00 628
Element: 1029 0.2 2.5 0.0 0.00050 1674M0 -250.0 250.0 -3500.0 0.1170 0 0 0   0.00   0.00 629
Element: 1030 0.2 2.5 0.0 0.00050 1659M0 -250.0 250.0 -3500.0 0.1170 0 0 0   0.00   0.00 630
Element: 1031 0.2 2.5 0.0 0.00050 1675M0 -250.0 250.0 -3500.0 0.1170 0 0 0   0.00   0.00 631
Element: 1032 0.2 2.5 0.0 0.00050 1660M0 -250.0 250.0 -3500.0 0.1170 0 0 0   0.00   0.00 632
Element: 1033 0.2 2.5 0.0 0.00050 1676M0 -250.0 250.0 -3500.0 0.1170 0 0 0   0.00   0.00 633
Element: 1034 0.2 2.5 0.0 0.00050 1661M0 -250.0 250.0 -3500.0 0.1170 0 0 0   0.00   0.00 634
Element: 1035 0.2 2.5 0.0 0.00050 1677M0 -250.0 250.0 -3500.0 0.1170 0 0 0   0.00   0.00 635
Element: 1036 0.2 2.5 0.0 0.00050 1662M0 -250.0 250.0 -3500.0 0.1170 0 0 0   0.00   0.00 636
Element: 1037 0.2 2.5 0.0 0.00050 1678M0 -250.0 250.0 -3500.0 0.1170 0 0 0   0.00   0.00 637
Element: 1038 0.2 2.5 0.0 0.00050 1663M0 -250.0 250.0 -3500.0 0.1170 0 0 0   0.00   0.00 638
Element: 1039 0.2 2.5 0.0 0.00050 1679M0 -250.0 250.0 -3500.0 0.1170 0 0 0   0.00   0.00 639
Element: 1040 0.2 2.5 0.0 0.00050 1664M0 -250.0 250.0 -3500.0 0.1170 0 0 0   0.00   0.00 640
Element: 1041 0.2 2.5 0.0 0.00050 1680M0 -250.0 250.0 -3500.0 0.1170 0 0 0   0.00   0.00 641
Element: 1042 0.2 2.5 0.0 0.00050 1665M0 -250.0 250.0 -3500.0 0.1170 0 0 0   0.00   0.00 642
Element: 1043 0.2 2.5 0.0 0.00050 1681M0 -250.0 250.0 -3500.0 0.1170 0 0 0   0.00   0.00 643
Element: 1044 0.2 2.5 0.0 0.00050 1666M0 -250.0 250.0 -3500.0 0.1170 0 0 0   0.00   0.00 644
Element: 1045 0.2 2.5 0.0 0.00050 1682M0 -250.0 250.0 -3500.0 0.1170 0 0 0   0.00   0.00 645
Element: 1046 0.2 2.5 0.0 0.00050 1667M0 -250.0 250.0 -3500.0 0.1170 0 0 0   0.00   0.00 646
Element: 1047 0.2 2.5 0.0 0.00050 1683M0 -250.0 250.0 -3500.0 0.1170 0 0 0   0.00   0.00 647
Element: 1048 0.2 2.5 0.0 0.00050 1668M0 -250.0 250.0 -3500.0 0.1170 0 0 0   0.00   0.00 648
Element: 1049 0.2 2.5 0.0 0.00050 1684M0 -250.0 250.0 -3500.0 0.1170 0 0 0   0.00   0.00 649
Element: 1050 0.2 2.5 0.0 0.00050 1669M0 -250.0 250.0 -3500.0 0.1170 0 0 0   0.00   0.00 650
Element: 1051 0.2 2.5 0.0 0.00050 1685M0 -250.0 250.0 -3500.0 0.1170 0 0 0   0.00   0.00 651
Element: 1052 0.2 2.5 0.0 0.00050 1670M0 -250.0 250.0 -3500.0 0.1170 0 0 0   0.00   0.00 652
Element: 1053 0.2 2.5 0.0 0.00050 1686M0 -250.0 250.0 -3500.0 0.1170 0 0 0   0.00   0.00 653
Element: 1054 0.2 2.5 0.0 0.00050 1671M0 -250.0 250.0 -3500.0 0.1170 0 0 0   0.00   0.00 654
Element: 1055 0.2 2.5 0.0 0.00050 1687M0 -250.0 250.0 -3500.0 0.1170 0 0 0   0.00   0.00 655
##
## G 256 - 287  Section QR
##
Element: 1056 0.2 2.5 0.0 0.00050 1688M0 -250.0 250.0 -3500.0 0.1170 0 0 0   0.00   0.00 656
Element: 1057 0.2 2.5 0.0 0.00050 1704M0 -250.0 250.0 -3500.0 0.1170 0 0 0   0.00   0.00 657
Element: 1058 0.2 2.5 0.0 0.00050 1689M0 -250.0 250.0 -3500.0 0.1170 0 0 0   0.00   0.00 658
Element: 1059 0.2 2.5 0.0 0.00050 1705M0 -250.0 250.0 -3500.0 0.1170 0 0 0   0.00   0.00 659
Element: 1060 0.2 2.5 0.0 0.00050 1690M0 -250.0 250.0 -3500.0 0.1170 0 0 0   0.00   0.00 660
Element: 1061 0.2 2.5 0.0 0.00050 1706M0 -250.0 250.0 -3500.0 0.1170 0 0 0   0.00   0.00 661
Element: 1062 0.2 2.5 0.0 0.00050 1691M0 -250.0 250.0 -3500.0 0.1170 0 0 0   0.00   0.00 662
Element: 1063 0.2 2.5 0.0 0.00050 1707M0 -250.0 250.0 -3500.0 0.1170 0 0 0   0.00   0.00 663
Element: 1064 0.2 2.5 0.0 0.00050 1692M0 -250.0 250.0 -3500.0 0.1170 0 0 0   0.00   0.00 664
Element: 1065 0.2 2.5 0.0 0.00050 1708M0 -250.0 250.0 -3500.0 0.1170 0 0 0   0.00   0.00 665
Element: 1066 0.2 2.5 0.0 0.00050 1693M0 -250.0 250.0 -3500.0 0.1170 0 0 0   0.00   0.00 666
Element: 1067 0.2 2.5 0.0 0.00050 1709M0 -250.0 250.0 -3500.0 0.1170 0 0 0   0.00   0.00 667
Element: 1068 0.2 2.5 0.0 0.00050 1694M0 -250.0 250.0 -3500.0 0.1170 0 0 0   0.00   0.00 668
Element: 1069 0.2 2.5 0.0 0.00050 1710M0 -250.0 250.0 -3500.0 0.1170 0 0 0   0.00   0.00 669
Element: 1070 0.2 2.5 0.0 0.00050 1695M0 -250.0 250.0 -3500.0 0.1170 0 0 0   0.00   0.00 670
Element: 1071 0.2 2.5 0.0 0.00050 1711M0 -250.0 250.0 -3500.0 0.1170 0 0 0   0.00   0.00 671
Element: 1072 0.2 2.5 0.0 0.00050 1696M0 -250.0 250.0 -3500.0 0.1170 0 0 0   0.00   0.00 672
Element: 1073 0.2 2.5 0.0 0.00050 1712M0 -250.0 250.0 -3500.0 0.1170 0 0 0   0.00   0.00 673
Element: 1074 0.2 2.5 0.0 0.00050 1697M0 -250.0 250.0 -3500.0 0.1170 0 0 0   0.00   0.00 674
Element: 1075 0.2 2.5 0.0 0.00050 1713M0 -250.0 250.0 -3500.0 0.1170 0 0 0   0.00   0.00 675
Element: 1076 0.2 2.5 0.0 0.00050 1698M0 -250.0 250.0 -3500.0 0.1170 0 0 0   0.00   0.00 676
Element: 1077 0.2 2.5 0.0 0.00050 1714M0 -250.0 250.0 -3500.0 0.1170 0 0 0   0.00   0.00 677
Element: 1078 0.2 2.5 0.0 0.00050 1699M0 -250.0 250.0 -3500.0 0.1170 0 0 0   0.00   0.00 678
Element: 1079 0.2 2.5 0.0 0.00050 1715M0 -250.0 250.0 -3500.0 0.1170 0 0 0   0.00   0.00 679
Element: 1080 0.2 2.5 0.0 0.00050 1700M0 -250.0 250.0 -3500.0 0.1170 0 0 0   0.00   0.00 680
Element: 1081 0.2 2.5 0.0 0.00050 1716M0 -250.0 250.0 -3500.0 0.1170 0 0 0   0.00   0.00 681
Element: 1082 0.2 2.5 0.0 0.00050 1701M0 -250.0 250.0 -3500.0 0.1170 0 0 0   0.00   0.00 682
Element: 1083 0.2 2.5 0.0 0.00050 1717M0 -250.0 250.0 -3500.0 0.1170 0 0 0   0.00   0.00 683
Element: 1084 0.2 2.5 0.0 0.00050 1702M0 -250.0 250.0 -3500.0 0.1170 0 0 0   0.00   0.00 684
Element: 1085 0.2 2.5 0.0 0.00050 1718M0 -250.0 250.0 -3500.0 0.1170 0 0 0   0.00   0.00 685
Element: 1086 0.2 2.5 0.0 0.00050 1703M0 -250.0 250.0 -3500.0 0.1170 0 0 0   0.00   0.00 686
Element: 1087 0.2 2.5 0.0 0.00050 1719M0 -250.0 250.0 -3500.0 0.1170 0 0 0   0.00   0.00 687
##
## G 288 - 319  Section ST
##
Element: 1088 0.2 2.5 0.0 0.00050 1720M0 -250.0 250.0 -3500.0 0.1170 0 0 0   0.00   0.00 688
Element: 1089 0.2 2.5 0.0 0.00050 1736M0 -250.0 250.0 -3500.0 0.1170 0 0 0   0.00   0.00 689
Element: 1090 0.2 2.5 0.0 0.00050 1721M0 -250.0 250.0 -3500.0 0.1170 0 0 0   0.00   0.00 690
Element: 1091 0.2 2.5 0.0 0.00050 1737M0 -250.0 250.0 -3500.0 0.1170 0 0 0   0.00   0.00 691
Element: 1092 0.2 2.5 0.0 0.00050 1722M0 -250.0 250.0 -3500.0 0.1170 0 0 0   0.00   0.00 692
Element: 1093 0.2 2.5 0.0 0.00050 1738M0 -250.0 250.0 -3500.0 0.1170 0 0 0   0.00   0.00 693
Element: 1094 0.2 2.5 0.0 0.00050 1723M0 -250.0 250.0 -3500.0 0.1170 0 0 0   0.00   0.00 694
Element: 1095 0.2 2.5 0.0 0.00050 1739M0 -250.0 250.0 -3500.0 0.1170 0 0 0   0.00   0.00 695
Element: 1096 0.2 2.5 0.0 0.00050 1724M0 -250.0 250.0 -3500.0 0.1170 0 0 0   0.00   0.00 696
Element: 1097 0.2 2.5 0.0 0.00050 1740M0 -250.0 250.0 -3500.0 0.1170 0 0 0   0.00   0.00 697
Element: 1098 0.2 2.5 0.0 0.00050 1725M0 -250.0 250.0 -3500.0 0.1170 0 0 0   0.00   0.00 698
Element: 1099 0.2 2.5 0.0 0.00050 1741M0 -250.0 250.0 -3500.0 0.1170 0 0 0   0.00   0.00 699
Element: 1100 0.2 2.5 0.0 0.00050 1726M0 -250.0 250.0 -3500.0 0.1170 0 0 0   0.00   0.00 700
Element: 1101 0.2 2.5 0.0 0.00050 1742M0 -250.0 250.0 -3500.0 0.1170 0 0 0   0.00   0.00 701
Element: 1102 0.2 2.5 0.0 0.00050 1727M0 -250.0 250.0 -3500.0 0.1170 0 0 0   0.00   0.00 702
Element: 1103 0.2 2.5 0.0 0.00050 1743M0 -250.0 250.0 -3500.0 0.1170 0 0 0   0.00   0.00 703
Element: 1104 0.2 2.5 0.0 0.00050 1728M0 -250.0 250.0 -3500.0 0.1170 0 0 0   0.00   0.00 704
Element: 1105 0.2 2.5 0.0 0.00050 1744M0 -250.0 250.0 -3500.0 0.1170 0 0 0   0.00   0.00 705
Element: 1106 0.2 2.5 0.0 0.00050 1729M0 -250.0 250.0 -3500.0 0.1170 0 0 0   0.00   0.00 706
Element: 1107 0.2 2.5 0.0 0.00050 1745M0 -250.0 250.0 -3500.0 0.1170 0 0 0   0.00   0.00 707
Element: 1108 0.2 2.5 0.0 0.00050 1730M0 -250.0 250.0 -3500.0 0.1170 0 0 0   0.00   0.00 708
Element: 1109 0.2 2.5 0.0 0.00050 1746M0 -250.0 250.0 -3500.0 0.1170 0 0 0   0.00   0.00 709
Element: 1110 0.2 2.5 0.0 0.00050 1731M0 -250.0 250.0 -3500.0 0.1170 0 0 0   0.00   0.00 710
Element: 1111 0.2 2.5 0.0 0.00050 1747M0 -250.0 250.0 -3500.0 0.1170 0 0 0   0.00   0.00 711
Element: 1112 0.2 2.5 0.0 0.00050 1732M0 -250.0 250.0 -3500.0 0.1170 0 0 0   0.00   0.00 712
Element: 1113 0.2 2.5 0.0 0.00050 1748M0 -250.0 250.0 -3500.0 0.1170 0 0 0   0.00   0.00 713
Element: 1114 0.2 2.5 0.0 0.00050 1733M0 -250.0 250.0 -3500.0 0.1170 0 0 0   0.00   0.00 714
Element: 1115 0.2 2.5 0.0 0.00050 1749M0 -250.0 250.0 -3500.0 0.1170 0 0 0   0.00   0.00 715
Element: 1116 0.2 2.5 0.0 0.00050 1734M0 -250.0 250.0 -3500.0 0.1170 0 0 0   0.00   0.00 716
Element: 1117 0.2 2.5 0.0 0.00050 1750M0 -250.0 250.0 -3500.0 0.1170 0 0 0   0.00   0.00 717
Element: 1118 0.2 2.5 0.0 0.00050 1735M0 -250.0 250.0 -3500.0 0.1170 0 0 0   0.00   0.00 718
Element: 1119 0.2 2.5 0.0 0.00050 1751M0 -250.0 250.0 -3500.0 0.1170 0 0 0   0.00   0.00 719
##
## G 320 - 351  Section UV
##
Element: 1120 0.2 2.5 0.0 0.00050 1752M0 -250.0 250.0 -3500.0 0.1170 0 0 0   0.00   0.00 720
Element: 1121 0.2 2.5 0.0 0.00050 1768M0 -250.0 250.0 -3500.0 0.1170 0 0 0   0.00   0.00 721
Element: 1122 0.2 2.5 0.0 0.00050 1753M0 -250.0 250.0 -3500.0 0.1170 0 0 0   0.00   0.00 722
Element: 1123 0.2 2.5 0.0 0.00050 1769M0 -250.0 250.0 -3500.0 0.1170 0 0 0   0.00   0.00 723
Element: 1124 0.2 2.5 0.0 0.00050 1754M0 -250.0 250.0 -3500.0 0.1170 0 0 0   0.00   0.00 724
Element: 1125 0.2 2.5 0.0 0.00050 1770M0 -250.0 250.0 -3500.0 0.1170 0 0 0   0.00   0.00 725
Element: 1126 0.2 2.5 0.0 0.00050 1755M0 -250.0 250.0 -3500.0 0.1170 0 0 0   0.00   0.00 726
Element: 1127 0.2 2.5 0.0 0.00050 1771M0 -250.0 250.0 -3500.0 0.1170 0 0 0   0.00   0.00 727
Element: 1128 0.2 2.5 0.0 0.00050 1756M0 -250.0 250.0 -3500.0 0.1170 0 0 0   0.00   0.00 728
Element: 1129 0.2 2.5 0.0 0.00050 1772M0 -250.0 250.0 -3500.0 0.1170 0 0 0   0.00   0.00 729
Element: 1130 0.2 2.5 0.0 0.00050 1757M0 -250.0 250.0 -3500.0 0.1170 0 0 0   0.00   0.00 730
Element: 1131 0.2 2.5 0.0 0.00050 1773M0 -250.0 250.0 -3500.0 0.1170 0 0 0   0.00   0.00 731
Element: 1132 0.2 2.5 0.0 0.00050 1758M0 -250.0 250.0 -3500.0 0.1170 0 0 0   0.00   0.00 732
Element: 1133 0.2 2.5 0.0 0.00050 1774M0 -250.0 250.0 -3500.0 0.1170 0 0 0   0.00   0.00 733
Element: 1134 0.2 2.5 0.0 0.00050 1759M0 -250.0 250.0 -3500.0 0.1170 0 0 0   0.00   0.00 734
Element: 1135 0.2 2.5 0.0 0.00050 1775M0 -250.0 250.0 -3500.0 0.1170 0 0 0   0.00   0.00 735
Element: 1136 0.2 2.5 0.0 0.00050 1760M0 -250.0 250.0 -3500.0 0.1170 0 0 0   0.00   0.00 736
Element: 1137 0.2 2.5 0.0 0.00050 1776M0 -250.0 250.0 -3500.0 0.1170 0 0 0   0.00   0.00 737
Element: 1138 0.2 2.5 0.0 0.00050 1761M0 -250.0 250.0 -3500.0 0.1170 0 0 0   0.00   0.00 738
Element: 1139 0.2 2.5 0.0 0.00050 1777M0 -250.0 250.0 -3500.0 0.1170 0 0 0   0.00   0.00 739
Element: 1140 0.2 2.5 0.0 0.00050 1762M0 -250.0 250.0 -3500.0 0.1170 0 0 0   0.00   0.00 740
Element: 1141 0.2 2.5 0.0 0.00050 1778M0 -250.0 250.0 -3500.0 0.1170 0 0 0   0.00   0.00 741
Element: 1142 0.2 2.5 0.0 0.00050 1763M0 -250.0 250.0 -3500.0 0.1170 0 0 0   0.00   0.00 742
Element: 1143 0.2 2.5 0.0 0.00050 1779M0 -250.0 250.0 -3500.0 0.1170 0 0 0   0.00   0.00 743
Element: 1144 0.2 2.5 0.0 0.00050 1764M0 -250.0 250.0 -3500.0 0.1170 0 0 0   0.00   0.00 744
Element: 1145 0.2 2.5 0.0 0.00050 1780M0 -250.0 250.0 -3500.0 0.1170 0 0 0   0.00   0.00 745
Element: 1146 0.2 2.5 0.0 0.00050 1765M0 -250.0 250.0 -3500.0 0.1170 0 0 0   0.00   0.00 746
Element: 1147 0.2 2.5 0.0 0.00050 1781M0 -250.0 250.0 -3500.0 0.1170 0 0 0   0.00   0.00 747
Element: 1148 0.2 2.5 0.0 0.00050 1766M0 -250.0 250.0 -3500.0 0.1170 0 0 0   0.00   0.00 748
Element: 1149 0.2 2.5 0.0 0.00050 1782M0 -250.0 250.0 -3500.0 0.1170 0 0 0   0.00   0.00 749
Element: 1150 0.2 2.5 0.0 0.00050 1767M0 -250.0 250.0 -3500.0 0.1170 0 0 0   0.00   0.00 750
Element: 1151 0.2 2.5 0.0 0.00050 1783M0 -250.0 250.0 -3500.0 0.1170 0 0 0   0.00   0.00 751
Initialise: 
Display: 1D Nhits       32 0 32
Display: 1D NhitsPrompt 32 0 32
Display: 1D NhitsRand   32 0 32
Display: 1D Hits        352 0 352
Display: 1D HitsPrompt  352 0 352
Display: 1D HitsRand    352 0 352
Display: 1D ScalerCurr 352 0 352
Display: 1D ScalerAcc  352 0 352
Display: 1D Eelect   1000 0 1557.0
Display: 1D NDoubles  	32 0 32
Display: 1D Doubles  	352 0 352
Display: 1D TimeOR     1000 -250.0 250.0
Display: 2D TimeOR   200 -250.0 250.0 -1 Hits 352 0 352 -1
Display: 2D TimeOR   200 -250.0 250.0 -1 Doubles 352 0 352 -1
Display: 1D Time  1000 -250.0 250.0   0 352
#Display: 1D EnergyOR    200 0 2.5
#Display: 2D EnergyOR 100 0 2.5 -1 Hits 352 0 352 -1
#Display: 2D EnergyOR 100 0 2.5 -1 Doubles 352 0 352 -1
#Display: 1D Energy 100 0 2.5   0 352
