#########################################################################
#                                                                       #
# Tagger configuration file for the May 09 beamtime                     #
#                                                                       #
#########################################################################

##	#FP	Energy?	Time?	Pos?
Size:	352	0	1	1
Multi-hit: 8
##
##	Scalers	Calib	Overlap	Micro	#trig	Toff	Tres
Misc:	1	1	0	0	0	248.0	5.0
#Misc:	1	1	0	0	0	440	5.0

#Misc:   1   1   1   0   0   250.0   5.0
##
#Window:   95. 120. 69. 94.
#Window:   95. 120. 121. 146.
##
## G 0 - 32  Section AB
##
Element: 816 0.2 2.5 0.0 0.00050 1438M0 -1000  300 -1642.7 0.1170 0 0 0 110.281	1.982  2865 
Element: 800 0.2 2.5 0.0 0.00050 1432M0 -1000  300 -1634.3 0.1170 0 0 0 112.279	2.064  2867
Element: 817 0.2 2.5 0.0 0.00050 1454M0 -1000  300 -1643.5 0.1170 0 0 0 114.360	2.148  2869
Element: 801 0.2 2.5 0.0 0.00050 1448M0 -1000  300 -1653.7 0.1170 0 0 0 116.524	2.231  2871
Element: 818 0.2 2.5 0.0 0.00050 1439M0 -1000  300 -1643.1 0.1170 0 0 0 118.771	2.318  2873
Element: 802 0.2 2.5 0.0 0.00050 1433M0 -1000  300 -1644.4 0.1170 0 0 0 121.104	2.408  2875
Element: 819 0.2 2.5 0.0 0.00050 1455M0 -1000  300 -1653.3 0.1170 0 0 0 123.530	2.500  2877
Element: 803 0.2 2.5 0.0 0.00050 1449M0 -1000  300 -1647.5 0.1170 0 0 0 126.046	2.590  2879
Element: 820 0.2 2.5 0.0 0.00050 1440M0 -1000  300 -1647.0 0.1170 0 0 0 128.650	2.679  2881
Element: 804 0.2 2.5 0.0 0.00050 1434M0 -1000  300 -1648.9 0.1170 0 0 0 131.339	2.764  2883
Element: 821 0.2 2.5 0.0 0.00050 1456M0 -1000  300 -1632.2 0.1170 0 0 0 134.110	2.847  2885
Element: 805 0.2 2.5 0.0 0.00050 1450M0 -1000  300 -1645.4 0.1170 0 0 0 136.960	2.922  2887
Element: 822 0.2 2.5 0.0 0.00050 1441M0 -1000  300 -1648.6 0.1170 0 0 0 139.884	2.996  2864
Element: 806 0.2 2.5 0.0 0.00050 1435M0 -1000  300 -1647.0 0.1170 0 0 0 142.876	3.062  2866
Element: 823 0.2 2.5 0.0 0.00050 1457M0 -1000  300 -1631.8 0.1170 0 0 0 145.930	3.123  2868
Element: 807 0.2 2.5 0.0 0.00050 1451M0 -1000  300 -1649.3 0.1170 0 0 0 149.039	3.176  2870
Element: 824 0.2 2.5 0.0 0.00050 1442M0 -1000  300 -1652.8 0.1170 0 0 0 152.196	3.222  2872
Element: 808 0.2 2.5 0.0 0.00050 1436M0 -1000  300 -1644.1 0.1170 0 0 0 155.390	3.257  2874
Element: 825 0.2 2.5 0.0 0.00050 1458M0 -1000  300 -1647.3 0.1170 0 0 0 158.616	3.283  2876
Element: 809 0.2 2.5 0.0 0.00050 1452M0 -1000  300 -1646.9 0.1170 0 0 0 161.857	3.296  2878
Element: 826 0.2 2.5 0.0 0.00050 1443M0 -1000  300 -1653.7 0.1170 0 0 0 165.115	3.301  2880
Element: 810 0.2 2.5 0.0 0.00050 1437M0 -1000  300 -1650.3 0.1170 0 0 0 168.368	3.293  2882
Element: 827 0.2 2.5 0.0 0.00050 1459M0 -1000  300 -1648.0 0.1170 0 0 0 171.611	3.272  2884
Element: 811 0.2 2.5 0.0 0.00050 1453M0 -1000  300 -1644.0 0.1170 0 0 0 174.829	3.242  2886
Element: 828 0.2 2.5 0.0 0.00050 1444M0 -1000  300 -1653.9 0.1170 0 0 0 178.014	3.205  2888
Element: 829 0.2 2.5 0.0 0.00050 1460M0 -1000  300 -1641.9 0.1170 0 0 0 181.159	3.162  2889
Element: 830 0.2 2.5 0.0 0.00050 1445M0 -1000  300 -1646.7 0.1170 0 0 0 184.255	3.110  2890
Element: 831 0.2 2.5 0.0 0.00050 1461M0 -1000  300 -1551.7 0.1170 0 0 0 187.299	3.059  2891
Element: 812 0.2 2.5 0.0 0.00050 1446M0 -1000  300 -1606.8 0.1170 0 0 0 190.291	3.005  2892
Element: 813 0.2 2.5 0.0 0.00050 1462M0 -1000  300 -1635.9 0.1170 0 0 0 193.227	2.955  2893
Element: 814 0.2 2.5 0.0 0.00050 1447M0 -1000  300 -1643.4 0.1170 0 0 0 196.116	2.911  2894
Element: 815 0.2 2.5 0.0 0.00050 1463M0 -1000  300 -1638.4 0.1170 0 0 0 198.965	2.870  2895
##                                                                            
## G 32 - 64  Section CD                                                      
##                                                                            
Element: 832 0.2 2.5 0.0 0.00050 1464M0 -1000  300 -1654.8 0.1170 0 0 0 201.755 2.880  2064
Element: 833 0.2 2.5 0.0 0.00050 1480M0 -1000  300 -1662.0 0.1170 0 0 0 204.557	2.931  2065
Element: 834 0.2 2.5 0.0 0.00050 1465M0 -1000  300 -1655.4 0.1170 0 0 0 207.345	2.970  2066
Element: 835 0.2 2.5 0.0 0.00050 1481M0 -1000  300 -1651.1 0.1170 0 0 0 210.140	2.995  2067
Element: 836 0.2 2.5 0.0 0.00050 1466M0 -1000  300 -1653.7 0.1170 0 0 0 212.954	3.007  2068
Element: 837 0.2 2.5 0.0 0.00050 1482M0 -1000  300 -1654.6 0.1170 0 0 0 215.789	3.027  2069
Element: 838 0.2 2.5 0.0 0.00050 1467M0 -1000  300 -1650.8 0.1170 0 0 0 218.677	2.976  2070
Element: 839 0.2 2.5 0.0 0.00050 1483M0 -1000  300 -1650.5 0.1170 0 0 0 221.499	2.928  2071
Element: 840 0.2 2.5 0.0 0.00050 1468M0 -1000  300 -1654.1 0.1170 0 0 0 224.368	2.953  2072
Element: 841 0.2 2.5 0.0 0.00050 1484M0 -1000  300 -1651.0 0.1170 0 0 0 227.250	2.983  2073
Element: 842 0.2 2.5 0.0 0.00050 1469M0 -1000  300 -1647.6 0.1170 0 0 0 230.143	3.010  2074
Element: 843 0.2 2.5 0.0 0.00050 1485M0 -1000  300 -1653.4 0.1170 0 0 0 233.045	3.040  2075
Element: 844 0.2 2.5 0.0 0.00050 1470M0 -1000  300 -1643.9 0.1170 0 0 0 235.959	3.068  2076
Element: 845 0.2 2.5 0.0 0.00050 1486M0 -1000  300 -1648.9 0.1170 0 0 0 238.883	3.097  2077
Element: 846 0.2 2.5 0.0 0.00050 1471M0 -1000  300 -1640.1 0.1170 0 0 0 241.819	3.126  2078
Element: 847 0.2 2.5 0.0 0.00050 1487M0 -1000  300 -1653.1 0.1170 0 0 0 244.765	3.153  2079
Element: 848 0.2 2.5 0.0 0.00050 1472M0 -1000  300 -1642.6 0.1170 0 0 0 247.761	3.106  2080
Element: 849 0.2 2.5 0.0 0.00050 1488M0 -1000  300 -1637.4 0.1170 0 0 0 250.692	3.056  2081
Element: 850 0.2 2.5 0.0 0.00050 1473M0 -1000  300 -1646.2 0.1170 0 0 0 253.672	3.085  2082
Element: 851 0.2 2.5 0.0 0.00050 1489M0 -1000  300 -1634.4 0.1170 0 0 0 256.662	3.112  2083
Element: 852 0.2 2.5 0.0 0.00050 1474M0 -1000  300 -1649.4 0.1170 0 0 0 259.664	3.141  2084
Element: 853 0.2 2.5 0.0 0.00050 1490M0 -1000  300 -1637.7 0.1170 0 0 0 262.679	3.169  2085
Element: 854 0.2 2.5 0.0 0.00050 1475M0 -1000  300 -1645.2 0.1170 0 0 0 265.705	3.197  2086
Element: 855 0.2 2.5 0.0 0.00050 1491M0 -1000  300 -1638.2 0.1170 0 0 0 268.743	3.226  2087
Element: 856 0.2 2.5 0.0 0.00050 1476M0 -1000  300 -1643.4 0.1170 0 0 0 271.824	3.191  2088
Element: 857 0.2 2.5 0.0 0.00050 1492M0 -1000  300 -1628.8 0.1170 0 0 0 274.851	3.151  2089
Element: 858 0.2 2.5 0.0 0.00050 1477M0 -1000  300 -1638.1 0.1170 0 0 0 277.923	3.180  2090
Element: 859 0.2 2.5 0.0 0.00050 1493M0 -1000  300 -1631.2 0.1170 0 0 0 281.007	3.207  2091
Element: 860 0.2 2.5 0.0 0.00050 1478M0 -1000  300 -1626.2 0.1170 0 0 0 284.102	3.236  2092
Element: 861 0.2 2.5 0.0 0.00050 1494M0 -1000  300 -1632.4 0.1170 0 0 0 287.208	3.263  2093
Element: 862 0.2 2.5 0.0 0.00050 1479M0 -1000  300 -1636.6 0.1170 0 0 0 290.328	3.294  2094
Element: 863 0.2 2.5 0.0 0.00050 1495M0 -1000  300 -1628.0 0.1170 0 0 0 293.458	3.324  2095
##                                                                            
## G 64 - 96  Section EF                                                      
##                                                                            
Element: 864 0.2 2.5 0.0 0.00050 1496M0 -1000  300 -1641.7 0.1170 0 0 0 296.600	3.352  2576
Element: 865 0.2 2.5 0.0 0.00050 1512M0 -1000  300 -1642.8 0.1170 0 0 0 299.754	3.381  2577
Element: 866 0.2 2.5 0.0 0.00050 1497M0 -1000  300 -1643.9 0.1170 0 0 0 302.919	3.410  2578
Element: 867 0.2 2.5 0.0 0.00050 1513M0 -1000  300 -1644.9 0.1170 0 0 0 306.136	3.358  2579
Element: 868 0.2 2.5 0.0 0.00050 1498M0 -1000  300 -1643.5 0.1170 0 0 0 309.284	3.304  2580
Element: 869 0.2 2.5 0.0 0.00050 1514M0 -1000  300 -1645.5 0.1170 0 0 0 312.483	3.333  2581
Element: 870 0.2 2.5 0.0 0.00050 1499M0 -1000  300 -1643.3 0.1170 0 0 0 315.696	3.361  2582
Element: 871 0.2 2.5 0.0 0.00050 1515M0 -1000  300 -1644.3 0.1170 0 0 0 318.919	3.390  2583
Element: 872 0.2 2.5 0.0 0.00050 1500M0 -1000  300 -1642.0 0.1170 0 0 0 322.155	3.419  2584
Element: 873 0.2 2.5 0.0 0.00050 1516M0 -1000  300 -1642.9 0.1170 0 0 0 325.402	3.448  2585
Element: 874 0.2 2.5 0.0 0.00050 1501M0 -1000  300 -1633.9 0.1170 0 0 0 328.660	3.477  2586
Element: 875 0.2 2.5 0.0 0.00050 1517M0 -1000  300 -1645.6 0.1170 0 0 0 331.930	3.507  2587
Element: 876 0.2 2.5 0.0 0.00050 1502M0 -1000  300 -1633.4 0.1170 0 0 0 335.247	3.466  2588
Element: 877 0.2 2.5 0.0 0.00050 1518M0 -1000  300 -1637.5 0.1170 0 0 0 338.506	3.423  2589
Element: 878 0.2 2.5 0.0 0.00050 1503M0 -1000  300 -1633.6 0.1170 0 0 0 341.810	3.452  2590
Element: 879 0.2 2.5 0.0 0.00050 1519M0 -1000  300 -1642.2 0.1170 0 0 0 345.127	3.479  2591
Element: 880 0.2 2.5 0.0 0.00050 1504M0 -1000  300 -1635.6 0.1170 0 0 0 348.455	3.512  2592
Element: 881 0.2 2.5 0.0 0.00050 1520M0 -1000  300 -1633.9 0.1170 0 0 0 351.793	3.538  2593
Element: 882 0.2 2.5 0.0 0.00050 1505M0 -1000  300 -1636.4 0.1170 0 0 0 355.145	3.568  2594
Element: 883 0.2 2.5 0.0 0.00050 1521M0 -1000  300 -1627.9 0.1170 0 0 0 358.507	3.597  2595
Element: 884 0.2 2.5 0.0 0.00050 1506M0 -1000  300 -1639.7 0.1170 0 0 0 361.881	3.627  2596
Element: 885 0.2 2.5 0.0 0.00050 1522M0 -1000  300 -1631.5 0.1170 0 0 0 365.303	3.582  2597
Element: 886 0.2 2.5 0.0 0.00050 1507M0 -1000  300 -1634.9 0.1170 0 0 0 368.661	3.536  2598
Element: 887 0.2 2.5 0.0 0.00050 1523M0 -1000  300 -1635.4 0.1170 0 0 0 372.070	3.565  2599
Element: 888 0.2 2.5 0.0 0.00050 1508M0 -1000  300 -1642.0 0.1170 0 0 0 375.489	3.594  2600
Element: 889 0.2 2.5 0.0 0.00050 1524M0 -1000  300 -1626.5 0.1170 0 0 0 378.919	3.623  2601
Element: 890 0.2 2.5 0.0 0.00050 1509M0 -1000  300 -1625.6 0.1170 0 0 0 382.359	3.651  2602
Element: 891 0.2 2.5 0.0 0.00050 1525M0 -1000  300 -1627.4 0.1170 0 0 0 385.812	3.681  2603
Element: 892 0.2 2.5 0.0 0.00050 1510M0 -1000  300 -1617.7 0.1170 0 0 0 389.276	3.710  2604
Element: 893 0.2 2.5 0.0 0.00050 1526M0 -1000  300 -1621.4 0.1170 0 0 0 392.750	3.740  2605
Element: 894 0.2 2.5 0.0 0.00050 1511M0 -1000  300 -1623.9 0.1170 0 0 0 396.269	3.703  2606
Element: 895 0.2 2.5 0.0 0.00050 1527M0 -1000  300 -1616.5 0.1170 0 0 0 399.732	3.664  2607
##                                                                            
## G 96 - 128  Section GH                                                     
##                                                                            
Element: 896 0.2 2.5 0.0 0.00050 1528M0 -1000  300 -1627.4 0.1170 0 0 0 403.239	3.693  2288
Element: 897 0.2 2.5 0.0 0.00050 1544M0 -1000  300 -1640.2 0.1170 0 0 0 406.757	3.721  2289
Element: 898 0.2 2.5 0.0 0.00050 1529M0 -1000  300 -1634.7 0.1170 0 0 0 410.287	3.751  2290
Element: 899 0.2 2.5 0.0 0.00050 1545M0 -1000  300 -1635.8 0.1170 0 0 0 413.827	3.779  2291
Element: 900 0.2 2.5 0.0 0.00050 1530M0 -1000  300 -1638.9 0.1170 0 0 0 417.377	3.810  2292
Element: 901 0.2 2.5 0.0 0.00050 1546M0 -1000  300 -1639.2 0.1170 0 0 0 420.939	3.839  2293
Element: 902 0.2 2.5 0.0 0.00050 1531M0 -1000  300 -1626.5 0.1170 0 0 0 424.511	3.868  2294
Element: 903 0.2 2.5 0.0 0.00050 1547M0 -1000  300 -1625.6 0.1170 0 0 0 428.134	3.816  2295
Element: 904 0.2 2.5 0.0 0.00050 1532M0 -1000  300 -1625.6 0.1170 0 0 0 431.686	3.762  2296
Element: 905 0.2 2.5 0.0 0.00050 1548M0 -1000  300 -1634.3 0.1170 0 0 0 435.290	3.791  2297
Element: 906 0.2 2.5 0.0 0.00050 1533M0 -1000  300 -1627.3 0.1170 0 0 0 438.903	3.821  2298
Element: 907 0.2 2.5 0.0 0.00050 1549M0 -1000  300 -1623.9 0.1170 0 0 0 442.528	3.849  2299
Element: 908 0.2 2.5 0.0 0.00050 1534M0 -1000  300 -1620.9 0.1170 0 0 0 446.162	3.878  2300
Element: 909 0.2 2.5 0.0 0.00050 1550M0 -1000  300 -1622.3 0.1170 0 0 0 449.807	3.907  2301
Element: 910 0.2 2.5 0.0 0.00050 1535M0 -1000  300 -1616.7 0.1170 0 0 0 453.463	3.937  2302
Element: 911 0.2 2.5 0.0 0.00050 1551M0 -1000  300 -1635.9 0.1170 0 0 0 457.127	3.965  2303
Element: 912 0.2 2.5 0.0 0.00050 1536M0 -1000  300 -1632.9 0.1170 0 0 0 460.803	3.995  2304
Element: 913 0.2 2.5 0.0 0.00050 1552M0 -1000  300 -1612.5 0.1170 0 0 0 464.526	3.951  2305
Element: 914 0.2 2.5 0.0 0.00050 1537M0 -1000  300 -1632.8 0.1170 0 0 0 468.183	3.904  2306
Element: 915 0.2 2.5 0.0 0.00050 1553M0 -1000  300 -1623.5 0.1170 0 0 0 471.889	3.932  2307
Element: 916 0.2 2.5 0.0 0.00050 1538M0 -1000  300 -1632.1 0.1170 0 0 0 475.603	3.963  2308
Element: 917 0.2 2.5 0.0 0.00050 1554M0 -1000  300 -1627.9 0.1170 0 0 0 479.329	3.991  2309
Element: 918 0.2 2.5 0.0 0.00050 1539M0 -1000  300 -1618.5 0.1170 0 0 0 483.063	4.021  2310
Element: 919 0.2 2.5 0.0 0.00050 1555M0 -1000  300 -1624.6 0.1170 0 0 0 486.808	4.050  2311
Element: 920 0.2 2.5 0.0 0.00050 1540M0 -1000  300 -1636.8 0.1170 0 0 0 490.562	4.080  2312
Element: 921 0.2 2.5 0.0 0.00050 1556M0 -1000  300 -1613.5 0.1170 0 0 0 494.325	4.109  2313
Element: 922 0.2 2.5 0.0 0.00050 1541M0 -1000  300 -1623.4 0.1170 0 0 0 498.097	4.138  2314
Element: 923 0.2 2.5 0.0 0.00050 1557M0 -1000  300 -1620.4 0.1170 0 0 0 501.925	4.077  2315
Element: 924 0.2 2.5 0.0 0.00050 1542M0 -1000  300 -1623.7 0.1170 0 0 0 505.672	4.013  2316
Element: 925 0.2 2.5 0.0 0.00050 1558M0 -1000  300 -1621.4 0.1170 0 0 0 509.473	4.041  2317
Element: 926 0.2 2.5 0.0 0.00050 1543M0 -1000  300 -1625.2 0.1170 0 0 0 513.282	4.070  2318
Element: 927 0.2 2.5 0.0 0.00050 1559M0 -1000  300 -1612.4 0.1170 0 0 0 517.102	4.100  2319
##                                                                            
## G 128 - 160  Section IJ                                                    
##                                                                            
Element: 928 0.2 2.5 0.0 0.00050 1560M0 -1000  300 -1598.5 0.1170 0 0 0 520.930	4.129  2000
Element: 929 0.2 2.5 0.0 0.00050 1576M0 -1000  300 -1607.9 0.1170 0 0 0 524.767	4.158  2001
Element: 930 0.2 2.5 0.0 0.00050 1561M0 -1000  300 -1605.5 0.1170 0 0 0 528.614	4.188  2002
Element: 931 0.2 2.5 0.0 0.00050 1577M0 -1000  300 -1607.8 0.1170 0 0 0 532.469	4.216  2003
Element: 932 0.2 2.5 0.0 0.00050 1562M0 -1000  300 -1616.6 0.1170 0 0 0 536.333	4.245  2004
Element: 933 0.2 2.5 0.0 0.00050 1578M0 -1000  300 -1608.1 0.1170 0 0 0 540.253	4.179  2005
Element: 934 0.2 2.5 0.0 0.00050 1563M0 -1000  300 -1606.3 0.1170 0 0 0 544.086	4.112  2006
Element: 935 0.2 2.5 0.0 0.00050 1579M0 -1000  300 -1611.9 0.1170 0 0 0 547.976	4.141  2007
Element: 936 0.2 2.5 0.0 0.00050 1564M0 -1000  300 -1609.7 0.1170 0 0 0 551.875	4.170  2008
Element: 937 0.2 2.5 0.0 0.00050 1580M0 -1000  300 -1608.5 0.1170 0 0 0 555.782	4.196  2009
Element: 938 0.2 2.5 0.0 0.00050 1565M0 -1000  300 -1606.9 0.1170 0 0 0 559.697	4.228  2010
Element: 939 0.2 2.5 0.0 0.00050 1581M0 -1000  300 -1609.3 0.1170 0 0 0 563.620	4.254  2011
Element: 940 0.2 2.5 0.0 0.00050 1566M0 -1000  300 -1602.7 0.1170 0 0 0 567.552	4.284  2012
Element: 941 0.2 2.5 0.0 0.00050 1582M0 -1000  300 -1606.5 0.1170 0 0 0 571.493	4.313  2013
Element: 942 0.2 2.5 0.0 0.00050 1567M0 -1000  300 -1600.3 0.1170 0 0 0 575.440	4.342  2014
Element: 943 0.2 2.5 0.0 0.00050 1583M0 -1000  300 -1608.7 0.1170 0 0 0 579.396	4.371  2015
Element: 944 0.2 2.5 0.0 0.00050 1568M0 -1000  300 -1603.5 0.1170 0 0 0 583.411	4.299  2016
Element: 945 0.2 2.5 0.0 0.00050 1584M0 -1000  300 -1599.9 0.1170 0 0 0 587.332	4.227  2017
Element: 946 0.2 2.5 0.0 0.00050 1569M0 -1000  300 -1603.8 0.1170 0 0 0 591.312	4.255  2018
Element: 947 0.2 2.5 0.0 0.00050 1585M0 -1000  300 -1595.3 0.1170 0 0 0 595.300	4.282  2019
Element: 948 0.2 2.5 0.0 0.00050 1570M0 -1000  300 -1606.9 0.1170 0 0 0 599.295	4.312  2020
Element: 949 0.2 2.5 0.0 0.00050 1586M0 -1000  300 -1602.2 0.1170 0 0 0 603.297	4.339  2021
Element: 950 0.2 2.5 0.0 0.00050 1571M0 -1000  300 -1605.0 0.1170 0 0 0 607.308	4.368  2022
Element: 951 0.2 2.5 0.0 0.00050 1587M0 -1000  300 -1601.0 0.1170 0 0 0 611.325	4.396  2023
Element: 952 0.2 2.5 0.0 0.00050 1572M0 -1000  300 -1606.2 0.1170 0 0 0 615.350	4.424  2024
Element: 953 0.2 2.5 0.0 0.00050 1588M0 -1000  300 -1596.2 0.1170 0 0 0 619.382	4.453  2025
Element: 954 0.2 2.5 0.0 0.00050 1573M0 -1000  300 -1601.7 0.1170 0 0 0 623.421	4.481  2026
Element: 955 0.2 2.5 0.0 0.00050 1589M0 -1000  300 -1610.7 0.1170 0 0 0 627.520	4.405  2027
Element: 956 0.2 2.5 0.0 0.00050 1574M0 -1000  300 -1595.3 0.1170 0 0 0 631.522	4.327  2028
Element: 957 0.2 2.5 0.0 0.00050 1590M0 -1000  300 -1590.9 0.1170 0 0 0 635.582	4.357  2029
Element: 958 0.2 2.5 0.0 0.00050 1575M0 -1000  300 -1604.6 0.1170 0 0 0 639.649	4.381  2030
Element: 959 0.2 2.5 0.0 0.00050 1591M0 -1000  300 -1603.2 0.1170 0 0 0 643.724	4.411  2031
##                                                                            
## G 160 - 192  Section KL                                                    
##                                                                            
Element: 960 0.2 2.5 0.0 0.00050 1592M0 -1000  300 -1592.2 0.1170 0 0 0 647.805	4.438  2352
Element: 961 0.2 2.5 0.0 0.00050 1608M0 -1000  300 -1613.1 0.1170 0 0 0 651.893	4.467  2353
Element: 962 0.2 2.5 0.0 0.00050 1593M0 -1000  300 -1611.1 0.1170 0 0 0 655.986	4.495  2354
Element: 963 0.2 2.5 0.0 0.00050 1609M0 -1000  300 -1612.1 0.1170 0 0 0 660.087	4.523  2355
Element: 964 0.2 2.5 0.0 0.00050 1594M0 -1000  300 -1610.2 0.1170 0 0 0 664.194	4.551  2356
Element: 965 0.2 2.5 0.0 0.00050 1610M0 -1000  300 -1607.4 0.1170 0 0 0 668.308	4.578  2357
Element: 966 0.2 2.5 0.0 0.00050 1595M0 -1000  300 -1610.6 0.1170 0 0 0 672.483	4.498  2358
Element: 967 0.2 2.5 0.0 0.00050 1611M0 -1000  300 -1612.8 0.1170 0 0 0 676.554	4.414  2359
Element: 968 0.2 2.5 0.0 0.00050 1596M0 -1000  300 -1610.9 0.1170 0 0 0 680.686	4.440  2360
Element: 969 0.2 2.5 0.0 0.00050 1612M0 -1000  300 -1607.6 0.1170 0 0 0 684.825	4.470  2361
Element: 970 0.2 2.5 0.0 0.00050 1597M0 -1000  300 -1592.9 0.1170 0 0 0 688.969	4.496  2362
Element: 971 0.2 2.5 0.0 0.00050 1613M0 -1000  300 -1612.5 0.1170 0 0 0 693.120	4.524  2363
Element: 972 0.2 2.5 0.0 0.00050 1598M0 -1000  300 -1602.1 0.1170 0 0 0 697.275	4.553  2364
Element: 973 0.2 2.5 0.0 0.00050 1614M0 -1000  300 -1598.0 0.1170 0 0 0 701.437	4.578  2365
Element: 974 0.2 2.5 0.0 0.00050 1599M0 -1000  300 -1587.2 0.1170 0 0 0 705.604	4.607  2366
Element: 975 0.2 2.5 0.0 0.00050 1615M0 -1000  300 -1599.6 0.1170 0 0 0 709.777	4.633  2367
Element: 976 0.2 2.5 0.0 0.00050 1600M0 -1000  300 -1596.5 0.1170 0 0 0 713.956	4.661  2368
Element: 977 0.2 2.5 0.0 0.00050 1616M0 -1000  300 -1589.3 0.1170 0 0 0 718.189	4.591  2369
Element: 978 0.2 2.5 0.0 0.00050 1601M0 -1000  300 -1601.2 0.1170 0 0 0 722.329	4.518  2370
Element: 979 0.2 2.5 0.0 0.00050 1617M0 -1000  300 -1585.0 0.1170 0 0 0 726.524	4.546  2371
Element: 980 0.2 2.5 0.0 0.00050 1602M0 -1000  300 -1602.6 0.1170 0 0 0 730.723	4.573  2372
Element: 981 0.2 2.5 0.0 0.00050 1618M0 -1000  300 -1598.7 0.1170 0 0 0 734.929	4.600  2373
Element: 982 0.2 2.5 0.0 0.00050 1603M0 -1000  300 -1606.2 0.1170 0 0 0 739.138	4.626  2374
Element: 983 0.2 2.5 0.0 0.00050 1619M0 -1000  300 -1609.4 0.1170 0 0 0 743.354	4.654  2375
Element: 984 0.2 2.5 0.0 0.00050 1604M0 -1000  300 -1614.6 0.1170 0 0 0 747.573	4.681  2376
Element: 985 0.2 2.5 0.0 0.00050 1620M0 -1000  300 -1587.0 0.1170 0 0 0 751.798	4.706  2377
Element: 986 0.2 2.5 0.0 0.00050 1605M0 -1000  300 -1592.3 0.1170 0 0 0 756.027	4.734  2378
Element: 987 0.2 2.5 0.0 0.00050 1621M0 -1000  300 -1590.9 0.1170 0 0 0 760.262	4.761  2379
Element: 988 0.2 2.5 0.0 0.00050 1606M0 -1000  300 -1587.7 0.1170 0 0 0 764.560	4.669  2380
Element: 989 0.2 2.5 0.0 0.00050 1622M0 -1000  300 -1584.9 0.1170 0 0 0 768.743	4.576  2381
Element: 990 0.2 2.5 0.0 0.00050 1607M0 -1000  300 -1584.4 0.1170 0 0 0 772.991	4.601  2382
Element: 991 0.2 2.5 0.0 0.00050 1623M0 -1000  300 -1578.3 0.1170 0 0 0 777.244	4.629  2383
##                                                                            
## G 192 - 224  Section MN                                                    
##                                                                            
Element: 992 0.2 2.5 0.0 0.00050 1624M0  -1000 300 -1581.5 0.1170 0 0 0 781.500	4.655  2640
Element: 993 0.2 2.5 0.0 0.00050 1640M0  -1000 300 -1592.6 0.1170 0 0 0 785.761	4.682  2641
Element: 994 0.2 2.5 0.0 0.00050 1625M0  -1000 300 -1587.8 0.1170 0 0 0 790.025	4.707  2642
Element: 995 0.2 2.5 0.0 0.00050 1641M0  -1000 300 -1594.3 0.1170 0 0 0 794.294	4.734  2643
Element: 996 0.2 2.5 0.0 0.00050 1626M0  -1000 300 -1598.0 0.1170 0 0 0 798.567	4.760  2644
Element: 997 0.2 2.5 0.0 0.00050 1642M0  -1000 300 -1595.1 0.1170 0 0 0 802.844	4.786  2645
Element: 998 0.2 2.5 0.0 0.00050 1627M0  -1000 300 -1593.5 0.1170 0 0 0 807.125	4.814  2646
Element: 999 0.2 2.5 0.0 0.00050 1643M0  -1000 300 -1593.4 0.1170 0 0 0 811.409	4.840  2647
Element: 1000 0.2 2.5 0.0 0.00050 1628M0 -1000 300 -1595.0 0.1170 0 0 0 815.750	4.759  2648
Element: 1001 0.2 2.5 0.0 0.00050 1644M0 -1000 300 -1597.7 0.1170 0 0 0 819.989	4.678  2649 
Element: 1002 0.2 2.5 0.0 0.00050 1629M0 -1000 300 -1591.5 0.1170 0 0 0 824.284	4.704  2650
Element: 1003 0.2 2.5 0.0 0.00050 1645M0 -1000 300 -1595.6 0.1170 0 0 0 828.583	4.729  2651
Element: 1004 0.2 2.5 0.0 0.00050 1630M0 -1000 300 -1587.4 0.1170 0 0 0 832.885	4.755  2652
Element: 1005 0.2 2.5 0.0 0.00050 1646M0 -1000 300 -1605.7 0.1170 0 0 0 837.190	4.781  2653
Element: 1006 0.2 2.5 0.0 0.00050 1631M0 -1000 300 -1603.5 0.1170 0 0 0 841.499	4.806  2654
Element: 1007 0.2 2.5 0.0 0.00050 1647M0 -1000 300 -1609.9 0.1170 0 0 0 845.811	4.832  2655
Element: 1008 0.2 2.5 0.0 0.00050 1632M0 -1000 300 -1598.6 0.1170 0 0 0 850.126	4.858  2656
Element: 1009 0.2 2.5 0.0 0.00050 1648M0 -1000 300 -1580.2 0.1170 0 0 0 854.444	4.884  2657
Element: 1010 0.2 2.5 0.0 0.00050 1633M0 -1000 300 -1598.7 0.1170 0 0 0 858.765	4.910  2658
Element: 1011 0.2 2.5 0.0 0.00050 1649M0 -1000 300 -1597.9 0.1170 0 0 0 863.089	4.936  2659
Element: 1012 0.2 2.5 0.0 0.00050 1634M0 -1000 300 -1607.5 0.1170 0 0 0 867.481	4.832  2660
Element: 1013 0.2 2.5 0.0 0.00050 1650M0 -1000 300 -1598.1 0.1170 0 0 0 871.746	4.727  2661
Element: 1014 0.2 2.5 0.0 0.00050 1635M0 -1000 300 -1587.8 0.1170 0 0 0 876.078	4.752  2662
Element: 1015 0.2 2.5 0.0 0.00050 1651M0 -1000 300 -1583.3 0.1170 0 0 0 880.413	4.776  2663
Element: 1016 0.2 2.5 0.0 0.00050 1636M0 -1000 300 -1601.9 0.1170 0 0 0 884.750	4.804  2664
Element: 1017 0.2 2.5 0.0 0.00050 1652M0 -1000 300 -1582.2 0.1170 0 0 0 889.089	4.826  2665
Element: 1018 0.2 2.5 0.0 0.00050 1637M0 -1000 300 -1583.6 0.1170 0 0 0 893.432	4.852  2666
Element: 1019 0.2 2.5 0.0 0.00050 1653M0 -1000 300 -1582.1 0.1170 0 0 0 897.776	4.877  2667
Element: 1020 0.2 2.5 0.0 0.00050 1638M0 -1000 300 -1580.0 0.1170 0 0 0 902.123	4.903  2668
Element: 1021 0.2 2.5 0.0 0.00050 1654M0 -1000 300 -1580.7 0.1170 0 0 0 906.472	4.927  2669
Element: 1022 0.2 2.5 0.0 0.00050 1639M0 -1000 300 -1584.5 0.1170 0 0 0 910.823	4.952  2670
Element: 1023 0.2 2.5 0.0 0.00050 1655M0 -1000 300 -1577.8 0.1170 0 0 0 915.177	4.977  2671
##                                                                            
## G 224 - 256  Section OP                                                    
##                                                                            
Element: 1024 0.2 2.5 0.0 0.00050 1656M0 -1000 300 -1568.8 0.1170 0 0 0 919.599	4.869  2032
Element: 1025 0.2 2.5 0.0 0.00050 1672M0 -1000 300 -1579.1 0.1170 0 0 0 923.888	4.757  2033
Element: 1026 0.2 2.5 0.0 0.00050 1657M0 -1000 300 -1576.2 0.1170 0 0 0 928.247	4.781  2034
Element: 1027 0.2 2.5 0.0 0.00050 1673M0 -1000 300 -1577.8 0.1170 0 0 0 932.608	4.807  2035
Element: 1028 0.2 2.5 0.0 0.00050 1658M0 -1000 300 -1582.2 0.1170 0 0 0 936.970	4.830  2036
Element: 1029 0.2 2.5 0.0 0.00050 1674M0 -1000 300 -1581.7 0.1170 0 0 0 941.334	4.855  2037
Element: 1030 0.2 2.5 0.0 0.00050 1659M0 -1000 300 -1579.6 0.1170 0 0 0 945.700	4.879  2038
Element: 1031 0.2 2.5 0.0 0.00050 1675M0 -1000 300 -1578.3 0.1170 0 0 0 950.067	4.902  2039
Element: 1032 0.2 2.5 0.0 0.00050 1660M0 -1000 300 -1577.1 0.1170 0 0 0 954.436	4.927  2040
Element: 1033 0.2 2.5 0.0 0.00050 1676M0 -1000 300 -1579.6 0.1170 0 0 0 958.806	4.952  2041
Element: 1034 0.2 2.5 0.0 0.00050 1661M0 -1000 300 -1571.6 0.1170 0 0 0 963.176	4.975  2042
Element: 1035 0.2 2.5 0.0 0.00050 1677M0 -1000 300 -1577.8 0.1170 0 0 0 967.549	4.999  2043
Element: 1036 0.2 2.5 0.0 0.00050 1662M0 -1000 300 -1571.2 0.1170 0 0 0 971.982	4.905  2044
Element: 1037 0.2 2.5 0.0 0.00050 1678M0 -1000 300 -1579.4 0.1170 0 0 0 976.297	4.809  2045
Element: 1038 0.2 2.5 0.0 0.00050 1663M0 -1000 300 -1570.7 0.1170 0 0 0 980.673	4.832  2046
Element: 1039 0.2 2.5 0.0 0.00050 1679M0 -1000 300 -1575.0 0.1170 0 0 0 985.050	4.857  2047
Element: 1040 0.2 2.5 0.0 0.00050 1664M0 -1000 300 -1577.9 0.1170 0 0 0 989.428	4.879  2048
Element: 1041 0.2 2.5 0.0 0.00050 1680M0 -1000 300 -1572.1 0.1170 0 0 0 993.806	4.903  2049
Element: 1042 0.2 2.5 0.0 0.00050 1665M0 -1000 300 -1575.2 0.1170 0 0 0 998.186	4.9251 2050
Element: 1043 0.2 2.5 0.0 0.00050 1681M0 -1000 300 -1567.2 0.1170 0 0 0 1002.566 4.9491 2051
Element: 1044 0.2 2.5 0.0 0.00050 1666M0 -1000 300 -1580.3 0.1170 0 0 0 1006.947 4.9731 2052
Element: 1045 0.2 2.5 0.0 0.00050 1682M0 -1000 300 -1571.2 0.1170 0 0 0 1011.328 4.9951 2053
Element: 1046 0.2 2.5 0.0 0.00050 1667M0 -1000 300 -1574.5 0.1170 0 0 0 1015.710 5.0181 2054
Element: 1047 0.2 2.5 0.0 0.00050 1683M0 -1000 300 -1573.3 0.1170 0 0 0 1020.094 5.0431 2055
Element: 1048 0.2 2.5 0.0 0.00050 1668M0 -1000 300 -1577.8 0.1170 0 0 0 1024.538 4.9431 2056
Element: 1049 0.2 2.5 0.0 0.00050 1684M0 -1000 300 -1564.8 0.1170 0 0 0 1028.860 4.8431 2057
Element: 1050 0.2 2.5 0.0 0.00050 1669M0 -1000 300 -1573.3 0.1170 0 0 0 1033.243 4.8661 2058
Element: 1051 0.2 2.5 0.0 0.00050 1685M0 -1000 300 -1568.2 0.1170 0 0 0 1037.628 4.8881 2059
Element: 1052 0.2 2.5 0.0 0.00050 1670M0 -1000 300 -1570.4 0.1170 0 0 0 1042.012 4.9111 2060
Element: 1053 0.2 2.5 0.0 0.00050 1686M0 -1000 300 -1562.4 0.1170 0 0 0 1046.396 4.9331 2061
Element: 1054 0.2 2.5 0.0 0.00050 1671M0 -1000 300 -1567.4 0.1170 0 0 0 1050.781 4.9561 2062
Element: 1055 0.2 2.5 0.0 0.00050 1687M0 -1000 300 -1562.8 0.1170 0 0 0 1055.165 4.9781 2063
##                                                                            
## G 256 - 288  Section QR                                                    
##                                                                            
Element: 1056 0.2 2.5 0.0 0.00050 1688M0 -1000 300 -1562.4 0.1170 0 0 0 1059.550 5.002  2320
Element: 1057 0.2 2.5 0.0 0.00050 1704M0 -1000 300 -1579.6 0.1170 0 0 0 1063.934 5.024  2321
Element: 1058 0.2 2.5 0.0 0.00050 1689M0 -1000 300 -1574.3 0.1170 0 0 0 1068.319 5.045  2322
Element: 1059 0.2 2.5 0.0 0.00050 1705M0 -1000 300 -1559.9 0.1170 0 0 0 1072.703 5.070  2323
Element: 1060 0.2 2.5 0.0 0.00050 1690M0 -1000 300 -1574.0 0.1170 0 0 0 1077.150 4.964  2324
Element: 1061 0.2 2.5 0.0 0.00050 1706M0 -1000 300 -1563.2 0.1170 0 0 0 1081.470 4.861  2325
Element: 1062 0.2 2.5 0.0 0.00050 1691M0 -1000 300 -1565.6 0.1170 0 0 0 1085.853 4.883  2326
Element: 1063 0.2 2.5 0.0 0.00050 1707M0 -1000 300 -1563.7 0.1170 0 0 0 1090.236 4.904  2327
Element: 1064 0.2 2.5 0.0 0.00050 1692M0 -1000 300 -1570.7 0.1170 0 0 0 1094.619 4.924  2328
Element: 1065 0.2 2.5 0.0 0.00050 1708M0 -1000 300 -1562.7 0.1170 0 0 0 1099.001 4.947  2329
Element: 1066 0.2 2.5 0.0 0.00050 1693M0 -1000 300 -1566.2 0.1170 0 0 0 1103.382 4.969  2330
Element: 1067 0.2 2.5 0.0 0.00050 1709M0 -1000 300 -1578.3 0.1170 0 0 0 1107.763 4.990  2331
Element: 1068 0.2 2.5 0.0 0.00050 1694M0 -1000 300 -1570.6 0.1170 0 0 0 1112.142 5.012  2332
Element: 1069 0.2 2.5 0.0 0.00050 1710M0 -1000 300 -1579.4 0.1170 0 0 0 1116.522 5.034  2333
Element: 1070 0.2 2.5 0.0 0.00050 1695M0 -1000 300 -1565.6 0.1170 0 0 0 1120.900 5.056  2334
Element: 1071 0.2 2.5 0.0 0.00050 1711M0 -1000 300 -1573.6 0.1170 0 0 0 1125.278 5.077  2335
Element: 1072 0.2 2.5 0.0 0.00050 1696M0 -1000 300 -1432.0 0.1170 0 0 0 1129.709 4.990  2336
Element: 1073 0.2 2.5 0.0 0.00050 1712M0 -1000 300 -1430.0 0.1170 0 0 0 1134.031 4.904  2337
Element: 1074 0.2 2.5 0.0 0.00050 1697M0 -1000 300 -1431.0 0.1170 0 0 0 1138.406 4.924  2338
Element: 1075 0.2 2.5 0.0 0.00050 1713M0 -1000 300 -1426.0 0.1170 0 0 0 1142.779 4.945  2339
Element: 1076 0.2 2.5 0.0 0.00050 1698M0 -1000 300 -1435.0 0.1170 0 0 0 1147.152 4.966  2340
Element: 1077 0.2 2.5 0.0 0.00050 1714M0 -1000 300 -1430.0 0.1170 0 0 0 1151.523 4.988  2341
Element: 1078 0.2 2.5 0.0 0.00050 1699M0 -1000 300 -1430.0 0.1170 0 0 0 1155.893 5.008  2342
Element: 1079 0.2 2.5 0.0 0.00050 1715M0 -1000 300 -1430.0 0.1170 0 0 0 1160.263 5.028  2343
Element: 1080 0.2 2.5 0.0 0.00050 1700M0 -1000 300 -1436.0 0.1170 0 0 0 1164.631 5.049  2344
Element: 1081 0.2 2.5 0.0 0.00050 1716M0 -1000 300 -1422.0 0.1170 0 0 0 1168.997 5.071  2345
Element: 1082 0.2 2.5 0.0 0.00050 1701M0 -1000 300 -1429.0 0.1170 0 0 0 1173.362 5.093  2346
Element: 1083 0.2 2.5 0.0 0.00050 1717M0 -1000 300 -1423.0 0.1170 0 0 0 1177.726 5.112  2347
Element: 1084 0.2 2.5 0.0 0.00050 1702M0 -1000 300 -1422.0 0.1170 0 0 0 1182.155 5.000  2348
Element: 1085 0.2 2.5 0.0 0.00050 1718M0 -1000 300 -1423.0 0.1170 0 0 0 1186.450 4.886  2349
Element: 1086 0.2 2.5 0.0 0.00050 1703M0 -1000 300 -1428.0 0.1170 0 0 0 1190.810 4.907  2350
Element: 1087 0.2 2.5 0.0 0.00050 1719M0 -1000 300 -1418.0 0.1170 0 0 0 1195.167 4.928  2351
##                                                                            
## G 288 - 320  Section ST                                                    
##                                                                            
Element: 1088 0.2 2.5 0.0 0.00050 1720M0 -1000 300 -1418.0 0.1170 0 0 0 1199.523 4.947  2608
Element: 1089 0.2 2.5 0.0 0.00050 1736M0 -1000 300 -1427.0 0.1170 0 0 0 1203.877 4.967  2609
Element: 1090 0.2 2.5 0.0 0.00050 1721M0 -1000 300 -1425.0 0.1170 0 0 0 1208.230 4.986  2610
Element: 1091 0.2 2.5 0.0 0.00050 1737M0 -1000 300 -1435.0 0.1170 0 0 0 1212.581 5.007  2611
Element: 1092 0.2 2.5 0.0 0.00050 1722M0 -1000 300 -1430.0 0.1170 0 0 0 1216.930 5.027  2612
Element: 1093 0.2 2.5 0.0 0.00050 1738M0 -1000 300 -1432.0 0.1170 0 0 0 1221.278 5.047  2613
Element: 1094 0.2 2.5 0.0 0.00050 1723M0 -1000 300 -1432.0 0.1170 0 0 0 1225.624 5.068  2614
Element: 1095 0.2 2.5 0.0 0.00050 1739M0 -1000 300 -1431.0 0.1170 0 0 0 1229.966 5.087  2615
Element: 1096 0.2 2.5 0.0 0.00050 1724M0 -1000 300 -1426.0 0.1170 0 0 0 1234.365 4.993  2616
Element: 1097 0.2 2.5 0.0 0.00050 1740M0 -1000 300 -1433.0 0.1170 0 0 0 1238.647 4.899  2617
Element: 1098 0.2 2.5 0.0 0.00050 1725M0 -1000 300 -1423.0 0.1170 0 0 0 1242.985 4.919  2618
Element: 1099 0.2 2.5 0.0 0.00050 1741M0 -1000 300 -1429.0 0.1170 0 0 0 1247.320 4.937  2619
Element: 1100 0.2 2.5 0.0 0.00050 1726M0 -1000 300 -1422.0 0.1170 0 0 0 1251.654 4.956  2620
Element: 1101 0.2 2.5 0.0 0.00050 1742M0 -1000 300 -1425.0 0.1170 0 0 0 1255.984 4.976  2621
Element: 1102 0.2 2.5 0.0 0.00050 1727M0 -1000 300 -1418.0 0.1170 0 0 0 1260.313 4.995  2622
Element: 1103 0.2 2.5 0.0 0.00050 1743M0 -1000 300 -1423.0 0.1170 0 0 0 1264.640 5.015  2623
Element: 1104 0.2 2.5 0.0 0.00050 1728M0 -1000 300 -1422.0 0.1170 0 0 0 1268.964 5.032  2624
Element: 1105 0.2 2.5 0.0 0.00050 1744M0 -1000 300 -1416.0 0.1170 0 0 0 1273.286 5.053  2625
Element: 1106 0.2 2.5 0.0 0.00050 1729M0 -1000 300 -1426.0 0.1170 0 0 0 1277.606 5.071  2626
Element: 1107 0.2 2.5 0.0 0.00050 1745M0 -1000 300 -1541.0 0.1170 0 0 0 1281.923 5.091  2627
Element: 1108 0.2 2.5 0.0 0.00050 1730M0 -1000 300 -1431.0 0.1170 0 0 0 1286.295 4.992  2628
Element: 1109 0.2 2.5 0.0 0.00050 1746M0 -1000 300 -1425.0 0.1170 0 0 0 1290.551 4.896  2629
Element: 1110 0.2 2.5 0.0 0.00050 1731M0 -1000 300 -1429.0 0.1170 0 0 0 1294.860 4.915  2630
Element: 1111 0.2 2.5 0.0 0.00050 1747M0 -1000 300 -1425.0 0.1170 0 0 0 1299.167 4.933  2631
Element: 1112 0.2 2.5 0.0 0.00050 1732M0 -1000 300 -1431.0 0.1170 0 0 0 1303.471 4.952  2632
Element: 1113 0.2 2.5 0.0 0.00050 1748M0 -1000 300 -1417.0 0.1170 0 0 0 1307.774 4.970  2633
Element: 1114 0.2 2.5 0.0 0.00050 1733M0 -1000 300 -1421.0 0.1170 0 0 0 1312.073 4.988  2634
Element: 1115 0.2 2.5 0.0 0.00050 1749M0 -1000 300 -1419.0 0.1170 0 0 0 1316.370 5.008  2635
Element: 1116 0.2 2.5 0.0 0.00050 1734M0 -1000 300 -1416.0 0.1170 0 0 0 1320.663 5.026  2636
Element: 1117 0.2 2.5 0.0 0.00050 1750M0 -1000 300 -1419.0 0.1170 0 0 0 1324.955 5.042  2637
Element: 1118 0.2 2.5 0.0 0.00050 1735M0 -1000 300 -1421.0 0.1170 0 0 0 1329.244 5.062  2638
Element: 1119 0.2 2.5 0.0 0.00050 1751M0 -1000 300 -1412.0 0.1170 0 0 0 1333.530 5.079  2639
##                                                                            
## G 320 - 352  Section UV                                                    
##                                                                            
Element: 1120 0.2 2.5 0.0 0.00050 1752M0 -1000 300 -1417.0 0.1170 0 0 0 1337.812 5.097  2896
Element: 1121 0.2 2.5 0.0 0.00050 1768M0 -1000 300 -1430.0 0.1170 0 0 0 1342.151 4.998  2897
Element: 1122 0.2 2.5 0.0 0.00050 1753M0 -1000 300 -1422.0 0.1170 0 0 0 1346.368 4.896  2898
Element: 1123 0.2 2.5 0.0 0.00050 1769M0 -1000 300 -1426.0 0.1170 0 0 0 1350.642 4.913  2899
Element: 1124 0.2 2.5 0.0 0.00050 1754M0 -1000 300 -1429.0 0.1170 0 0 0 1354.913 4.932  2900
Element: 1125 0.2 2.5 0.0 0.00050 1770M0 -1000 300 -1427.0 0.1170 0 0 0 1359.181 4.948  2901
Element: 1126 0.2 2.5 0.0 0.00050 1755M0 -1000 300 -1427.0 0.1170 0 0 0 1363.446 4.966  2902
Element: 1127 0.2 2.5 0.0 0.00050 1771M0 -1000 300 -1428.0 0.1170 0 0 0 1367.708 4.984  2903
Element: 1128 0.2 2.5 0.0 0.00050 1756M0 -1000 300 -1427.0 0.1170 0 0 0 1371.967 5.001  2904
Element: 1129 0.2 2.5 0.0 0.00050 1772M0 -1000 300 -1426.0 0.1170 0 0 0 1376.223 5.019  2905
Element: 1130 0.2 2.5 0.0 0.00050 1757M0 -1000 300 -1419.0 0.1170 0 0 0 1380.476 5.036  2906
Element: 1131 0.2 2.5 0.0 0.00050 1773M0 -1000 300 -1427.0 0.1170 0 0 0 1384.725 5.054  2907
Element: 1132 0.2 2.5 0.0 0.00050 1758M0 -1000 300 -1419.0 0.1170 0 0 0 1388.971 5.070  2908
Element: 1133 0.2 2.5 0.0 0.00050 1774M0 -1000 300 -1425.0 0.1170 0 0 0 1393.214 5.087  2909
Element: 1134 0.2 2.5 0.0 0.00050 1759M0 -1000 300 -1421.0 0.1170 0 0 0 1397.515 4.983  2910
Element: 1135 0.2 2.5 0.0 0.00050 1775M0 -1000 300 -1426.0 0.1170 0 0 0 1401.691 4.879  2911
Element: 1136 0.2 2.5 0.0 0.00050 1760M0 -1000 300 -1423.0 0.1170 0 0 0 1405.923 4.897  2912
Element: 1137 0.2 2.5 0.0 0.00050 1776M0 -1000 300 -1415.0 0.1170 0 0 0 1410.152 4.914  2913
Element: 1138 0.2 2.5 0.0 0.00050 1761M0 -1000 300 -1400.0 0.1170 0 0 0 1414.379 4.930  2914
Element: 1139 0.2 2.5 0.0 0.00050 1777M0 -1000 300 -1400.0 0.1170 0 0 0 1418.602 4.948  2915
Element: 1140 0.2 2.5 0.0 0.00050 1762M0 -1000 300 -1426.0 0.1170 0 0 0 1422.821 4.964  2916
Element: 1141 0.2 2.5 0.0 0.00050 1778M0 -1000 300 -1423.0 0.1170 0 0 0 1427.037 4.979  2917
Element: 1142 0.2 2.5 0.0 0.00050 1763M0 -1000 300 -1421.0 0.1170 0 0 0 1431.250 4.996  2918
Element: 1143 0.2 2.5 0.0 0.00050 1779M0 -1000 300 -1430.0 0.1170 0 0 0 1435.459 5.013  2919
Element: 1144 0.2 2.5 0.0 0.00050 1764M0 -1000 300 -1428.0 0.1170 0 0 0 1439.665 5.030  2920
Element: 1145 0.2 2.5 0.0 0.00050 1780M0 -1000 300 -1415.0 0.1170 0 0 0 1443.866 5.045  2921
Element: 1146 0.2 2.5 0.0 0.00050 1765M0 -1000 300 -1423.0 0.1170 0 0 0 1448.065 5.063  2922
Element: 1147 0.2 2.5 0.0 0.00050 1781M0 -1000 300 -1420.0 0.1170 0 0 0 1452.321 4.955  2923
Element: 1148 0.2 2.5 0.0 0.00050 1766M0 -1000 300 -1411.0 0.1170 0 0 0 1456.452 4.847  2924
Element: 1149 0.2 2.5 0.0 0.00050 1782M0 -1000 300 -1416.0 0.1170 0 0 0 1460.640 4.864  2925
Element: 1150 0.2 2.5 0.0 0.00050 1767M0 -1000 300 -1422.0 0.1170 0 0 0 1464.824 4.880  2926
Element: 1151 0.2 2.5 0.0 0.00050 1783M0 -1000 300 -1415.0 0.1170 0 0 0 1469.004 4.895  2927
Initialise: 
#Display: 1D Nhits       32 0 32
#Display: 1D NhitsPrompt 32 0 32
#Display: 1D NhitsRand   32 0 32
#Display: 1D Hits        352 0 352
#Display: 1D HitsPrompt  352 0 352
#Display: 1D HitsRand    352 0 352
#Display: 1D EnergyOR    200 0 2.5
#Display: 1D TimeOR     2000 -1000 1000
#Display: 1D Energy 100 0 2.5   0 352
#Display: 1D Time  2000 -1000 1000  0 352
#Display: 1D Eelect   500 0 1445.0
#Display: 1D ScalerCurr 352 0 352
Display: 1D ScalerAcc  352 0 352
#Display: 1D Doubles  	352 0 352
#Display: 1D NDoubles  	32 0 32
#Display: 2D EnergyOR 100 0 2.5 -1 Hits 352 0 352 -1
#Display: 2D EnergyOR 100 0 2.5 -1 Doubles 352 0 352 -1
#Display: 2D TimeOR   200 50 167 -1 Hits 352 0 352 -1
#Display: 2D DiffTimeOR  100 -11.7 11.7 -1 Doubles 352 0 352 -1
#Display: 1D DiffTime  100 -11.7 11.7  0 352
#Display: 1D DiffTimeOR  100 -11.7 11.7
