1 9.6665e+05
2     43
3 9.1235e+06
4 4.3879e+06
5  28739
6 3.2953e+06
7  14989
8     48
9 8.9528e+06
10 6.6193e+07
11 3.5247e+05
12 2.9978e+05
13  10556
14 3.835e+05
15 5.1242e+05
16 7.1361e+07
17 7.2375e+06
18 1.8036e+05
19  13010
20  40027
21 1.1161e+06
22 1.4842e+07
23  15923
24 2.0648e+05
25 1.5883e+06
26 2.5248e+07
27 4.7025e+07
28 6.9096e+07
29 6.8728e+07
30 8.623e+07
31     41
32 3.5042e+07
33 2.7091e+07
34 3.9788e+07
35 5.2687e+07
36 5.2671e+07
37 1.4454e+07
38 9.3226e+06
39 2.2954e+07
40 2.8024e+07
41 4.8929e+07
42 2.8681e+07
43 4.7127e+07
44 2.9334e+07
45 3.2527e+07
46 5.343e+07
47 7.2737e+07
48 2.4612e+07
49 3.3996e+07
50 6.4783e+07
51 4.9259e+07
52 2.8851e+07
53 2.6566e+07
54 8.0192e+07
55 2.322e+07
56 2.1639e+07
57 5.6187e+07
58 4.1515e+07
59 6.2577e+07
60 1.0829e+07
61 1.2178e+07
62 4.1808e+07
63 5.6187e+07
64 7.4105e+07
65 4.0252e+07
66 4.8729e+06
67 7.7498e+06
68 1.048e+08
69 3.6292e+07
70 4.9811e+07
71 6.4539e+07
72 8.0164e+07
73 8.6849e+07
74 5.7656e+07
75 5.9681e+07
76 5.6361e+07
77 4.5825e+07
78 8.8051e+07
79 1.0109e+08
80 7.9724e+07
81 8.17e+07
82 8.4893e+07
83 8.9622e+07
84 1.1055e+08
85 7.75e+07
86 9.202e+07
87 9.2042e+07
88 9.6392e+07
89 1.0037e+08
90 8.795e+07
91 9.4372e+07
92 8.296e+07
93 9.2352e+07
94 1.0583e+08
95 1.0631e+08
96 1.0024e+08
97 8.7865e+07
98 7.3835e+07
99 1.2009e+08
100 7.4566e+07
101 7.3314e+07
102 4.7901e+07
103 3.9052e+07
104 7.7113e+07
105 8.7073e+07
106 5.011e+07
107 2.8563e+07
108 3.9152e+07
109 1.084e+08
110 1.3887e+08
111 8.1905e+07
112 1.0804e+08
113 1.2118e+08
114 9.0128e+07
115 1.1719e+08
116 9.3387e+07
117 6.6786e+07
118 1.0343e+08
119 5.3121e+07
120 5.0076e+07
121 1.2629e+08
122 6.212e+07
123 6.1706e+07
124 1.0385e+08
125 6.6482e+07
126 1.2508e+08
127 1.0585e+08
128 1.0656e+08
129 1.0339e+08
130 1.2169e+08
131 1.0374e+08
132 1.1221e+08
133 1.2652e+08
134 1.3017e+08
135 1.1536e+08
136 1.2906e+08
137 1.3344e+08
138 1.2775e+08
139 6.069e+07
140 3.6787e+07
141 8.4351e+07
142 8.7086e+07
143 1.2739e+08
144 1.3267e+08
145 1.3333e+08
146 1.0232e+08
147 1.1418e+08
148 1.578e+08
149 1.2789e+08
150 1.0656e+08
151 8.5239e+07
152 1.3944e+08
153 1.2758e+08
154 4.5015e+07
155 3.2274e+07
156 1.2173e+08
157 1.6604e+08
158 1.3105e+08
159 1.1852e+08
160 1.837e+08
161 1.7065e+08
162 2.1253e+08
163 1.1891e+08
164 1.6013e+08
165 1.3925e+08
166 1.4404e+08
167 1.594e+08
168 1.5934e+08
169 1.2692e+08
170 1.439e+08
171 1.7542e+08
172 6.0508e+07
173 6.0939e+07
174 1.7679e+08
175 1.7788e+08
176 1.3814e+08
177 1.2209e+08
178 1.7622e+08
179 8.7961e+07
180 1.7767e+08
181 7.9488e+07
182 1.6963e+08
183 1.4282e+08
184 2.0169e+08
185 1.6045e+08
186 1.6064e+08
187 1.9473e+08
188 3.3623e+07
189 1.8051e+08
190 1.9234e+08
191 1.436e+08
192 1.4118e+08
193     17
194 1.7208e+08
195 1.7078e+08
196 2.2922e+08
197 1.9688e+08
198 2.0113e+08
199 1.4503e+08
200 1.4769e+08
201 1.616e+08
202 1.4725e+08
203 1.6826e+08
204 2.2892e+08
205 1.4633e+08
206 1.2304e+08
207 1.6125e+08
208 6.3665e+07
209 1.0145e+08
210 1.1963e+08
211 1.8289e+08
212 1.8928e+08
213 2.0854e+08
214 2.0015e+08
215 2.4132e+08
216 2.3603e+08
217 1.7872e+08
218 2.3551e+08
219 2.8585e+08
220 1.0896e+08
221 1.1817e+08
222 2.4601e+08
223 2.6522e+08
224 1.9556e+08
225 1.2095e+08
226 1.7649e+08
227 1.1141e+08
228 2.3114e+08
229 2.6255e+08
230 2.4676e+08
231 1.4982e+08
232 2.819e+08
233 2.8995e+08
234 2.7939e+08
235 3.0101e+08
236 2.1535e+08
237 3.0493e+08
238 2.7311e+08
239 2.3548e+08
240 2.744e+08
241 3.0028e+08
242 3.3046e+08
243     70
244     47
245 3.1964e+08
246 3.1633e+08
247 2.3018e+08
248 2.4484e+08
249 3.0744e+08
250 3.6096e+08
251 2.9747e+08
252 2.8164e+08
253 2.0483e+08
254 3.6853e+08
255 3.8288e+08
256 4.1052e+08
257 2.8957e+08
258 2.8941e+08
259 3.8614e+08
260 3.6415e+08
261 3.9067e+08
262 3.096e+08
263 3.9975e+08
264 3.7264e+08
265 3.2871e+08
266 3.8926e+08
267 3.801e+08
268 4.391e+08
269 3.6448e+08
270 2.8818e+08
271 4.5669e+08
272 4.2654e+08
273 4.0275e+08
274 4.314e+08
275 4.202e+08
276 4.2808e+08
277 3.3077e+08
278 2.5293e+08
279 3.1691e+08
280 2.1774e+08
281 1.3067e+08
282 1.5176e+08
283 4.2433e+08
284 4.8772e+08
285 2.472e+08
286 3.2561e+08
287 3.4529e+08
288 4.7545e+08
289 2.9582e+08
290 5.6273e+08
291 3.8885e+08
292 2.0679e+08
293 3.0439e+08
294 2.9265e+08
295 2.1183e+08
296 3.5092e+08
297 2.5624e+08
298 3.7854e+08
299 3.5849e+08
300 6.4073e+08
301 6.874e+08
302 6.1419e+08
303 4.968e+08
304 1.6345e+08
305 1.6524e+08
306 5.8888e+08
307 6.877e+08
308 5.1117e+08
309 6.4978e+08
310 6.6489e+08
311 4.8775e+08
312 5.2209e+08
313 3.8863e+08
314 4.1069e+08
315 7.016e+08
316 6.6722e+08
317 6.9555e+08
318 6.6568e+08
319 7.3081e+08
320 7.6703e+08
321 6.7942e+08
322 8.496e+08
323 9.083e+08
324 4.0138e+08
325 1.305e+08
326 1.6195e+08
327 2.9179e+08
328 2.1071e+08
329 1.9638e+08
330 8.4953e+08
331 5.0168e+08
332 2.5166e+08
333 3.3878e+08
334 5.8155e+08
335 5.2057e+08
336 7.4037e+08
337     32
338     47
339     27
340     22
341     24
342     24
343     16
344     19
345     15
346     12
347     23
348     22
349     20
350     17
351     24
352     38
