1 1.0262e+06
2     21
3 9.5342e+06
4 4.7465e+06
5  30791
6 3.6309e+06
7  15595
8     24
9 9.4863e+06
10 6.9356e+07
11 3.7263e+05
12 3.2277e+05
13  10785
14 4.0974e+05
15 5.8223e+05
16 7.5009e+07
17 7.6254e+06
18 1.9798e+05
19  13415
20  42100
21 1.2639e+06
22 1.5376e+07
23  17012
24 2.1608e+05
25 1.7501e+06
26 2.6157e+07
27 4.8466e+07
28 7.1867e+07
29 7.1727e+07
30 9.0469e+07
31     24
32 3.7376e+07
33 2.9035e+07
34 4.1952e+07
35 5.5755e+07
36 5.5656e+07
37 1.5947e+07
38 1.0326e+07
39 2.5718e+07
40 3.1421e+07
41 5.218e+07
42 3.1e+07
43 5.042e+07
44 3.1118e+07
45 3.4598e+07
46 5.5982e+07
47 7.6499e+07
48 2.6903e+07
49 3.7093e+07
50 6.7802e+07
51 5.2216e+07
52 3.2397e+07
53 2.957e+07
54 8.4317e+07
55 2.4605e+07
56 2.3055e+07
57 5.9166e+07
58 4.3649e+07
59 6.5397e+07
60 1.2713e+07
61 1.4319e+07
62 4.3932e+07
63 5.8836e+07
64 7.7982e+07
65 4.2861e+07
66 5.5018e+06
67 8.7288e+06
68 1.1e+08
69 3.8323e+07
70 5.4285e+07
71 6.9973e+07
72 8.5611e+07
73 9.2903e+07
74 6.057e+07
75 6.3424e+07
76 6.1061e+07
77 4.8867e+07
78 9.2377e+07
79 1.0608e+08
80 8.4071e+07
81 8.6126e+07
82 8.9258e+07
83 9.3903e+07
84 1.1617e+08
85 8.1439e+07
86 9.6836e+07
87 9.7338e+07
88 1.0078e+08
89 1.0534e+08
90 9.2473e+07
91 9.9142e+07
92 8.7326e+07
93 9.6998e+07
94 1.1094e+08
95 1.1153e+08
96 1.0509e+08
97 9.257e+07
98 7.8239e+07
99 1.2606e+08
100 7.9219e+07
101 7.8221e+07
102 5.0979e+07
103 4.1681e+07
104 8.1673e+07
105 9.2285e+07
106 5.3234e+07
107 3.0842e+07
108 4.1739e+07
109 1.1377e+08
110 1.4626e+08
111 8.6074e+07
112 1.1331e+08
113 1.2706e+08
114 9.4818e+07
115 1.2299e+08
116 9.9249e+07
117 7.1202e+07
118 1.0921e+08
119 5.8634e+07
120 5.5296e+07
121 1.3297e+08
122 6.6948e+07
123 6.6509e+07
124 1.1007e+08
125 7.0387e+07
126 1.3137e+08
127 1.1202e+08
128 1.129e+08
129 1.0892e+08
130 1.2794e+08
131 1.0867e+08
132 1.1844e+08
133 1.3335e+08
134 1.3766e+08
135 1.2105e+08
136 1.361e+08
137 1.4015e+08
138 1.3411e+08
139 6.4566e+07
140 3.8619e+07
141 9.0278e+07
142 9.3163e+07
143 1.3452e+08
144 1.3919e+08
145 1.3993e+08
146 1.0917e+08
147 1.2239e+08
148 1.6599e+08
149 1.3417e+08
150 1.1293e+08
151 9.0144e+07
152 1.4684e+08
153 1.3433e+08
154 4.8913e+07
155 3.5237e+07
156 1.2807e+08
157 1.7439e+08
158 1.3842e+08
159 1.2512e+08
160 1.9335e+08
161 1.794e+08
162 2.2354e+08
163 1.2461e+08
164 1.6872e+08
165 1.4731e+08
166 1.5191e+08
167 1.675e+08
168 1.6745e+08
169 1.3223e+08
170 1.5153e+08
171 1.8467e+08
172 6.3396e+07
173 6.3662e+07
174 1.8452e+08
175 1.8608e+08
176 1.4481e+08
177 1.2885e+08
178 1.8534e+08
179 9.4459e+07
180 1.8628e+08
181 8.5347e+07
182 1.7766e+08
183 1.4989e+08
184 2.1255e+08
185 1.6987e+08
186 1.6823e+08
187 2.0454e+08
188 3.4917e+07
189 1.8995e+08
190 2.0446e+08
191 1.5111e+08
192 1.4891e+08
193      8
194 1.81e+08
195 1.803e+08
196 2.4155e+08
197 2.0719e+08
198 2.1148e+08
199 1.5486e+08
200 1.5816e+08
201 1.7009e+08
202 1.5665e+08
203 1.7868e+08
204 2.4064e+08
205 1.5491e+08
206 1.3008e+08
207 1.6998e+08
208 6.7968e+07
209 1.0909e+08
210 1.2891e+08
211 1.9442e+08
212 2.0084e+08
213 2.1896e+08
214 2.1031e+08
215 2.5269e+08
216 2.4786e+08
217 1.8735e+08
218 2.484e+08
219 3.0028e+08
220 1.1924e+08
221 1.2908e+08
222 2.6105e+08
223 2.7864e+08
224 2.0848e+08
225 1.2885e+08
226 1.9098e+08
227 1.2019e+08
228 2.4292e+08
229 2.7574e+08
230 2.6491e+08
231 1.6217e+08
232 2.9598e+08
233 3.0541e+08
234 2.9412e+08
235 3.1639e+08
236 2.2731e+08
237 3.2024e+08
238 2.8783e+08
239 2.4846e+08
240 2.8954e+08
241 3.1693e+08
242 3.4713e+08
243     37
244     20
245 3.3613e+08
246 3.3239e+08
247 2.4635e+08
248 2.624e+08
249 3.2412e+08
250 3.8074e+08
251 3.1318e+08
252 2.9925e+08
253 2.178e+08
254 3.8698e+08
255 4.0204e+08
256 4.3026e+08
257 3.0356e+08
258 3.0512e+08
259 4.0619e+08
260 3.8435e+08
261 4.0923e+08
262 3.2425e+08
263 4.1789e+08
264 3.9139e+08
265 3.4271e+08
266 4.1193e+08
267 3.9942e+08
268 4.619e+08
269 3.8996e+08
270 3.09e+08
271 4.804e+08
272 4.489e+08
273 4.2437e+08
274 4.5449e+08
275 4.4334e+08
276 4.472e+08
277 3.4751e+08
278 2.6603e+08
279 3.3128e+08
280 2.2306e+08
281 1.3282e+08
282 1.5617e+08
283 4.52e+08
284 5.2024e+08
285 2.5992e+08
286 3.4321e+08
287 3.6399e+08
288 5.0303e+08
289 3.1926e+08
290 5.8845e+08
291 4.0581e+08
292 2.1969e+08
293 3.2618e+08
294 3.0771e+08
295 2.1899e+08
296 3.609e+08
297 2.6497e+08
298 3.9265e+08
299 3.7411e+08
300 6.6915e+08
301 7.194e+08
302 6.4727e+08
303 5.2461e+08
304 1.754e+08
305 1.7413e+08
306 6.2607e+08
307 7.2325e+08
308 5.3173e+08
309 6.786e+08
310 6.9844e+08
311 5.1238e+08
312 5.5031e+08
313 4.0565e+08
314 4.2084e+08
315 7.4064e+08
316 7.0471e+08
317 7.2836e+08
318 7.0084e+08
319 7.6504e+08
320 7.9613e+08
321 6.9923e+08
322 8.8257e+08
323 9.6408e+08
324 4.223e+08
325 1.3473e+08
326 1.7034e+08
327 3.0196e+08
328 2.1724e+08
329 1.8913e+08
330 8.9807e+08
331 5.1593e+08
332 2.5249e+08
333 3.327e+08
334 6.1134e+08
335 5.2456e+08
336 7.5961e+08
337     18
338     27
339     12
340      9
341     12
342     12
343      7
344     11
345      8
346      6
347     11
348      7
349     15
350      9
351     12
352     21
