# Bin     Bin Center     Bin Content
  1       45.250         0.770
  2       92.588         0.919
  3       96.762         0.876
  4       100.939         0.735
  5       105.120         0.718
  6       109.368         0.725
  7       113.618         0.693
  8       117.809         0.667
  9       122.004         0.621
  10       126.203         0.640
  11       130.406         0.652
  12       134.612         0.725
  13       138.821         0.727
  14       143.034         0.692
  15       147.249         0.685
  16       151.469         0.673
  17       155.692         0.742
  18       159.918         0.866
  19       164.208         0.785
  20       168.501         0.759
  21       172.737         0.723
  22       176.976         0.675
  23       181.218         0.688
  24       185.463         0.932
  25       189.712         0.902
  26       193.964         0.805
  27       198.218         0.797
  28       202.476         0.774
  29       206.737         0.738
  30       211.000         0.701
  31       215.266         0.709
  32       219.594         0.712
  33       223.925         0.740
  34       228.201         0.742
  35       232.479         0.740
  36       236.759         0.745
  37       241.042         0.754
  38       245.328         0.757
  39       249.616         0.737
  40       253.908         0.766
  41       258.202         0.754
  42       262.499         0.745
  43       266.798         0.781
  44       271.099         0.797
  45       275.461         0.788
  46       279.825         0.771
  47       284.134         0.790
  48       288.445         0.866
  49       292.759         0.866
  50       297.075         0.831
  51       301.393         0.801
  52       305.712         0.790
  53       310.034         0.805
  54       314.360         0.805
  55       318.687         0.849
  56       323.015         0.828
  57       327.402         0.859
  58       331.791         0.887
  59       336.125         0.881
  60       340.462         0.870
  61       344.799         0.890
  62       349.139         0.895
  63       353.482         0.867
  64       357.825         0.866
  65       362.170         0.864
  66       366.516         0.910
  67       370.864         0.911
  68       375.215         0.885
  69       379.633         0.943
  70       384.052         0.950
  71       388.406         0.967
  72       392.761         1.007
  73       397.117         0.966
  74       401.476         1.014
  75       405.836         1.090
  76       410.195         0.945
  77       414.556         0.980
  78       418.919         0.981
  79       423.283         0.970
  80       427.646         0.992
  81       432.066         1.000
  82       436.487         0.978
  83       440.855         0.997
  84       445.223         1.022
  85       449.591         1.019
  86       453.960         1.033
  87       458.331         1.049
  88       462.701         1.048
  89       467.072         1.075
  90       471.444         1.082
  91       475.816         1.097
  92       480.188         1.103
  93       484.624         1.100
  94       489.060         1.124
  95       493.432         1.127
  96       497.805         1.158
  97       502.178         1.151
  98       506.551         1.213
  99       510.924         1.193
  100       515.297         1.277
  101       519.670         1.305
  102       524.043         1.314
  103       528.416         1.293
  104       532.787         1.289
  105       537.220         1.366
  106       541.652         1.392
  107       546.022         1.340
  108       550.393         1.378
  109       554.763         0.000
  110       559.132         0.000
  111       563.499         1.465
  112       567.866         1.515
  113       572.233         1.533
  114       576.598         1.536
  115       580.963         1.570
  116       585.326         1.611
  117       589.748         1.632
  118       594.169         1.679
  119       598.528         1.647
  120       602.886         1.710
  121       607.242         1.707
  122       611.599         1.716
  123       615.953         1.747
  124       620.306         1.755
  125       624.656         1.693
  126       629.005         1.694
  127       633.353         1.527
  128       637.699         1.286
  129       642.109         1.092
  130       646.518         0.918
  131       650.857         0.815
  132       655.195         0.779
  133       659.530         0.746
  134       663.863         0.694
  135       668.194         0.680
  136       672.522         0.681
  137       676.847         0.690
  138       681.171         0.690
  139       685.492         0.683
  140       689.810         0.697
  141       694.190         0.866
  142       698.568         0.854
  143       702.877         0.734
  144       707.183         0.696
  145       711.487         0.708
  146       715.787         0.682
  147       720.085         0.709
  148       724.378         0.713
  149       728.669         0.705
  150       732.956         0.717
  151       737.240         0.716
  152       741.521         0.765
  153       745.851         0.947
  154       750.177         0.878
  155       754.446         0.731
  156       758.712         0.756
  157       762.973         0.704
  158       767.231         0.710
  159       771.484         0.727
  160       775.734         0.000
  161       779.980         0.710
  162       784.220         0.745
  163       788.457         0.753
  164       792.689         0.775
  165       796.976         0.853
  166       801.258         0.778
  167       805.477         0.744
  168       809.691         0.737
  169       813.899         0.769
  170       818.102         0.780
  171       822.301         0.758
  172       826.495         0.860
  173       830.684         0.772
  174       834.867         0.844
  175       839.046         0.783
  176       843.268         0.811
  177       847.484         0.819
  178       851.646         0.789
  179       855.803         0.783
  180       859.954         0.843
  181       864.099         0.883
  182       868.237         0.784
  183       872.370         0.830
  184       876.498         0.836
  185       880.620         0.826
  186       884.736         0.814
  187       888.899         0.790
  188       893.056         0.806
  189       897.154         0.793
  190       901.244         0.784
  191       905.327         0.743
  192       909.403         0.696
  193       913.473         0.677
  194       917.536         0.696
  195       921.594         0.716
  196       925.643         0.689
  197       929.686         0.697
  198       933.775         0.707
  199       937.856         0.750
  200       941.877         0.752
  201       945.891         0.788
  202       949.898         0.737
  203       953.897         0.764
  204       957.890         0.692
  205       961.875         0.673
  206       965.852         0.716
  207       969.821         0.719
  208       973.782         0.711
  209       977.786         0.734
  210       981.782         0.698
  211       985.720         0.834
  212       989.648         0.773
  213       993.570         0.768
  214       997.482         0.746
  215       1001.387         0.716
  216       1005.284         0.731
  217       1009.173         0.712
  218       1013.053         0.713
  219       1016.924         0.724
  220       1020.833         0.701
  221       1024.735         0.705
  222       1028.581         0.725
  223       1032.417         0.721
  224       1036.243         0.723
  225       1040.061         0.710
  226       1043.871         0.748
  227       1047.670         0.723
  228       1051.460         0.669
  229       1055.243         0.682
  230       1059.062         0.785
  231       1062.870         0.740
  232       1066.623         0.703
  233       1070.367         0.706
  234       1074.101         0.758
  235       1077.825         0.706
  236       1081.541         0.699
  237       1085.246         0.720
  238       1088.941         0.720
  239       1092.627         0.685
  240       1096.340         0.695
  241       1100.042         0.707
  242       1103.698         0.727
  243       1107.344         0.722
  244       1110.979         0.740
  245       1114.604         0.840
  246       1118.219         0.799
  247       1121.823         0.715
  248       1125.417         0.692
  249       1129.001         0.719
  250       1132.615         0.770
  251       1136.219         0.809
  252       1139.771         0.791
  253       1143.311         0.772
  254       1146.842         0.689
  255       1150.362         0.700
  256       1153.871         0.000
  257       1157.369         0.692
  258       1160.856         0.740
  259       1164.366         0.728
  260       1167.865         0.768
  261       1171.318         0.738
  262       1174.762         0.743
  263       1178.194         0.758
  264       1181.615         0.736
  265       1185.025         0.750
  266       1188.424         0.771
  267       1191.812         0.783
  268       1195.224         0.755
  269       1198.626         0.763
  270       1201.979         0.749
  271       1205.321         0.753
  272       1208.652         0.777
  273       1211.970         0.770
  274       1215.277         0.759
  275       1218.574         0.755
  276       1221.859         0.789
  277       1225.168         0.799
  278       1228.464         0.813
  279       1231.712         0.812
  280       1234.951         0.774
  281       1238.178         0.795
  282       1241.392         1.040
  283       1244.596         1.067
  284       1247.788         0.819
  285       1250.967         0.805
  286       1254.176         1.088
  287       1257.373         1.022
  288       1260.518         0.844
  289       1263.651         0.800
  290       1266.772         0.843
  291       1269.882         0.847
  292       1272.981         1.866
  293       1276.067         1.747
  294       1279.143         0.827
  295       1282.207         0.814
  296       1285.258         0.830
  297       1288.331         0.908
  298       1291.392         0.786
  299       1294.409         0.829
  300       1297.416         1.282
  301       1300.410         1.360
  302       1303.392         0.862
  303       1306.363         0.822
  304       1309.323         0.838
  305       1312.311         0.833
  306       1315.287         0.859
  307       1318.214         0.865
  308       1321.129         0.930
  309       1324.034         0.790
  310       1326.927         0.902
  311       1329.811         0.860
  312       1332.683         0.805
  313       1335.545         1.082
  314       1338.396         1.135
  315       1341.276         0.951
  316       1344.145         0.917
  317       1346.962         0.876
  318       1349.757         0.833
  319       1352.532         0.792
  320       1355.304         0.852
  321       1358.085         0.865
  322       1360.913         0.000
  323       1363.803         0.765
  324       1366.739         0.696
  325       1369.729         0.700
  326       1372.772         0.737
  327       1375.868         0.679
  328       1379.012         0.969
  329       1382.197         1.109
  330       1385.416         1.500
  331       1388.658         1.000
  332       1391.913         1.500
  333       1395.170         0.000
  334       1398.414         0.667
  335       1401.638         0.955
  336       1404.833         0.000
  337       1407.988         1.051
  338       1411.095         0.734
  339       1414.148         0.730
  340       1417.140         0.710
  341       1420.062         0.733
  342       1422.912         0.761
  343       1425.683         0.667
  344       1428.371         0.900
  345       1430.973         0.000
  346       1433.489         0.000
  347       1435.915         0.500
  348       1438.249         0.000
  349       1440.494         0.636
  350       1442.657         0.000
  351       1444.739         0.000
  352       1446.736         0.000
