#since June 2014: the senstive ADC for the PWO are no more used-> ADC(sesitive)-1!
#
# Channel swapping for February 2014 beamtime
#
#   3 --> 2
# 287 --> 320
# 327 --> 321
#   5 <-> 6
#
# PWO Vetos sensitive
#
#
Size:  384    1       1       1
#RawHits:
#BitPattern: data/Dec_07/TAPS/TAPS.pat
#
#
#
# Now enter the information for each element....if the number of
# elements is specified as 10 above then there must be 10 element spec lines
# ADCs low,high define in MeV the range of a valid hit.
# ped is the zero-point offset channel and MeV/ch is the ADC conversionsion
# TDCs low, high define in ns the range of a valid hit.
# Off is the time-zero offset channel and ns/ch is the conversion gain.
# Pos 3-vector usually relates to the center of the front face of a crystal
# assuming origin at center of target, beam in z-direction
# with Bene's calib-files
#        ADC#  low  high ped  MeV/ch  TDC#  low/high Off ns/ch  Pos x,y,z (cm)
Element: 29156  0.350     9999.  86.76   0.01    29296M0  -2000.0  2000.0 0.0  0.1000   -5.196152    3.000000  188.350000 
Element: 29158  0.350     9999.  85.15   0.01    29297M0  -2000.0  2000.0 0.0  0.1000  -10.392304    6.000000  188.350000
Element: 29160  0.350     9999.  84.97   0.01    29298M0  -2000.0  2000.0 0.0  0.1000  -10.392304    0.000000  188.350000
Element: 26010  0.350     9999.  85.07   0.01    26001  -200.0  200.0 2949.7220  0.099490  -15.588456    9.000000  188.350000
Element: 26012  0.350     9999.  85.51   0.01    26002  -200.0  200.0 2948.2659  0.098514  -15.588456    3.000000  188.350000
Element: 26014  0.350     9999.  84.80   0.01    26003  -200.0  200.0 2955.8684  0.098045  -15.588456   -3.000000  188.350000
Element: 26013  0.350     9999.  84.57   0.01    26006  -200.0  200.0 2941.6130  0.098855  -20.784609   12.000000  188.350000
Element: 26015  0.350     9999.  84.56   0.01    26007  -200.0  200.0 2937.3597  0.098546  -20.784609    6.000000  188.350000
Element: 26040  0.350     9999.  85.06   0.01    26032  -200.0  200.0 2966.0171  0.098576  -20.784609    0.000000  188.350000
Element: 26041  0.350     9999.  83.67   0.01    26036  -200.0  200.0 2943.6221  0.098811  -20.784609   -6.000000  188.350000
Element: 26042  0.350     9999.  86.01   0.01    26033  -200.0  200.0 2959.9750  0.097990  -25.980761   15.000000  188.350000
Element: 26043  0.350     9999.  85.11   0.01    26037  -200.0  200.0 2965.3668  0.098353  -25.980761    9.000000  188.350000
Element: 26044  0.350     9999.  85.83   0.01    26034  -200.0  200.0 2942.8954  0.098202  -25.980761    3.000000  188.350000
Element: 26045  0.350     9999.  85.58   0.01    26038  -200.0  200.0 2915.8923  0.098745  -25.980761   -3.000000  188.350000
Element: 26046  0.350     9999.  85.19   0.01    26035  -200.0  200.0 2954.6204  0.098556  -25.980761   -9.000000  188.350000
Element: 26047  0.350     9999.  85.00   0.01    26039  -200.0  200.0 2988.5337  0.098843  -31.176912   18.000000  188.350000
Element: 26072  0.350     9999.  84.85   0.01    26064  -200.0  200.0 2896.8220  0.099337  -31.176912   12.000000  188.350000
Element: 26073  0.350     9999.  85.88   0.01    26068  -200.0  200.0 2886.8682  0.099502  -31.176912    6.000000  188.350000
Element: 26074  0.350     9999.  85.46   0.01    26065  -200.0  200.0 2923.4324  0.098641  -31.176912    0.000000  188.350000
Element: 26075  0.350     9999.  84.51   0.01    26069  -200.0  200.0 2894.5161  0.098716  -31.176912   -6.000000  188.350000
Element: 26076  0.350     9999.  86.08   0.01    26066  -200.0  200.0 2889.4531  0.099512  -31.176912  -12.000000  188.350000
Element: 26077  0.350     9999.  85.99   0.01    26070  -200.0  200.0 2887.7325  0.099836  -36.373062   21.000000  188.350000
Element: 26078  0.350     9999.  86.24   0.01    26067  -200.0  200.0 2889.9530  0.099625  -36.373062   15.000000  188.350000
Element: 26079  0.350     9999.  86.16   0.01    26071  -200.0  200.0 2818.8622  0.099184  -36.373062    9.000000  188.350000
Element: 26104  0.350     9999.  84.41   0.01    26096  -200.0  200.0 2946.9215  0.099248  -36.373062    3.000000  188.350000
Element: 26105  0.350     9999.  86.49   0.01    26100  -200.0  200.0 2971.6916  0.099268  -36.373062   -3.000000  188.350000
Element: 26106  0.350     9999.  85.87   0.01    26097  -200.0  200.0 2937.6077  0.099187  -36.373062   -9.000000  188.350000
Element: 26107  0.350     9999.  85.95   0.01    26101  -200.0  200.0 2963.7246  0.098271  -36.373062  -15.000000  188.350000
Element: 26108  0.350     9999.  85.50   0.01    26098  -200.0  200.0 2918.0670  0.098725  -41.569218   24.000000  188.350000
Element: 26109  0.350     9999.  86.29   0.01    26102  -200.0  200.0 2945.0212  0.099515  -41.569218   18.000000  188.350000
Element: 26110  0.350     9999.  85.72   0.01    26099  -200.0  200.0 2958.5634  0.099417  -41.569218   12.000000  188.350000
Element: 26111  0.350     9999.  85.07   0.01    26103  -200.0  200.0 2852.0983  0.099252  -46.765369   27.000000  188.350000
Element: 26136  0.350     9999.  85.26   0.01    26128  -200.0  200.0 2954.4384  0.100139  -41.569218    0.000000  188.350000
Element: 26137  0.350     9999.  85.59   0.01    26132  -200.0  200.0 2911.5118  0.099259  -41.569218   -6.000000  188.350000
Element: 26138  0.350     9999.  85.49   0.01    26129  -200.0  200.0 2913.4413  0.098935  -41.569218  -12.000000  188.350000
Element: 26139  0.350     9999.  85.67   0.01    26133  -200.0  200.0 2926.5240  0.099572  -41.569218  -18.000000  188.350000
Element: 26140  0.350     9999.  85.17   0.01    26130  -200.0  200.0 2813.8705  0.099665  -41.569218    6.000000  188.350000
Element: 26141  0.350     9999.  86.37   0.01    26134  -200.0  200.0 2871.0139  0.100256  -46.765369   21.000000  188.350000
Element: 26142  0.350     9999.  85.52   0.01    26131  -200.0  200.0 2942.8284  0.099371  -46.765369   15.000000  188.350000
Element: 26143  0.350     9999.  86.20   0.01    26135  -200.0  200.0 2841.5144  0.099821  -46.765369    9.000000  188.350000
Element: 26168  0.350     9999.  85.83   0.01    26160  -200.0  200.0 2994.7473  0.098888  -46.765369    3.000000  188.350000
Element: 26169  0.350     9999.  85.26   0.01    26164  -200.0  200.0 2883.0262  0.098631   57.157662   15.000000  188.350000
Element: 26170  0.350     9999.  85.24   0.01    26161  -200.0  200.0 2971.7924  0.098514  -46.765369   -9.000000  188.350000
Element: 26171  0.350     9999.  90.88   0.01    26165  -200.0  200.0 2973.5239  0.098566  -46.765369  -15.000000  188.350000
Element: 26172  0.350     9999.  84.95   0.01    26162  -200.0  200.0 2951.2804  0.098802  -46.765369  -21.000000  188.350000
Element: 26173  0.350     9999.  84.59   0.01    26166  -200.0  200.0 2924.5986  0.099176  -51.961521   30.000000  188.350000
Element: 26174  0.350     9999.  85.42   0.01    26163  -200.0  200.0 2972.2399  0.099121  -51.961521   24.000000  188.350000
Element: 26175  0.350     9999.  85.94   0.01    26167  -200.0  200.0 2969.5458  0.098821  -51.961521   18.000000  188.350000
Element: 26200  0.350     9999.  85.53   0.01    26192  -200.0  200.0 3009.2776  0.097982  -51.961521   12.000000  188.350000
Element: 26201  0.350     9999.  85.80   0.01    26196  -200.0  200.0 2980.5063  0.097943  -51.961521    6.000000  188.350000
Element: 26202  0.350     9999.  85.04   0.01    26193  -200.0  200.0 2953.7623  0.098061  -51.961521    0.000000  188.350000
Element: 26203  0.350     9999.  85.43   0.01    26197  -200.0  200.0 2978.9432  0.098047  -51.961521   -6.000000  188.350000
Element: 26204  0.350     9999.  85.24   0.01    26194  -200.0  200.0 2973.9678  0.098246  -51.961521  -12.000000  188.350000
Element: 26205  0.350     9999.  85.83   0.01    26198  -200.0  200.0 2948.1404  0.097756  -51.961521  -18.000000  188.350000
Element: 26206  0.350     9999.  85.46   0.01    26195  -200.0  200.0 2993.1295  0.097361  -51.961521  -24.000000  188.350000
Element: 26207  0.350     9999.  85.33   0.01    26199  -200.0  200.0 2961.7114  0.098014  -57.157673   27.000000  188.350000
Element: 26232  0.350     9999.  85.85   0.01    26224  -200.0  200.0 2938.7463  0.099363  -57.157673   21.000000  188.350000
Element: 26233  0.350     9999.  85.81   0.01    26228  -200.0  200.0 2952.5331  0.098176  -57.157673   15.000000  188.350000
Element: 26234  0.350     9999.  85.63   0.01    26225  -200.0  200.0 2970.0085  0.099181  -57.157673    9.000000  188.350000
Element: 26235  0.350     9999.  86.05   0.01    26229  -200.0  200.0 2964.0479  0.098327  -57.157673    3.000000  188.350000
Element: 26236  0.350     9999.  85.53   0.01    26226  -200.0  200.0 2946.2191  0.099229  -57.157673   -3.000000  188.350000
Element: 26237  0.350     9999.  87.04   0.01    26230  -200.0  200.0 2936.3291  0.098982  -57.157673   -9.000000  188.350000
Element: 26238  0.350     9999.  85.40   0.01    26227  -200.0  200.0 2941.8490  0.097514  -57.157673  -15.000000  188.350000
Element: 26239  0.350     9999.  85.66   0.01    26231  -200.0  200.0 2985.9430  0.098517  -57.157673  -21.000000  188.350000
Element: 29162  0.350     9999.  85.41   0.01    29299M0  -2000.0  2000.0 0.0  0.1000   -5.196152   -3.000000  188.350000
Element: 29164  0.350     9999.  85.74   0.01    29300M0  -2000.0  2000.0 0.0  0.1000  -10.392304   -6.000000  188.350000
Element: 29166  0.350     9999.  85.18   0.01    29301M0  -2000.0  2000.0 0.0  0.1000   -5.196152   -9.000000  188.350000
Element: 26267  0.350     9999.  84.09   0.01    26261  -200.0  200.0 2972.5331  0.099111  -15.588456   -9.000000  188.350000
Element: 26268  0.350     9999.  85.66   0.01    26258  -200.0  200.0 2986.0085  0.099183  -10.392304  -12.000000  188.350000
Element: 26269  0.350     9999.  85.92   0.01    26262  -200.0  200.0 2976.0479  0.099224   -5.196152  -15.000000  188.350000
Element: 26270  0.350     9999.  93.96   0.01    26259  -200.0  200.0 2982.2191  0.099258  -20.784609  -12.000000  188.350000
Element: 26271  0.350     9999.  85.16   0.01    26263  -200.0  200.0 2848.3291  0.099707  -15.588456  -15.000000  188.350000
Element: 26296  0.350     9999.  84.68   0.01    26288  -200.0  200.0 2941.8490  0.099434  -10.392304  -18.000000  188.350000
Element: 26297  0.350     9999.  86.15   0.01    26292  -200.0  200.0 2937.9430  0.099619   -5.196152  -21.000000  188.350000
Element: 26298  0.350     9999.  85.46   0.01    26289  -200.0  200.0 2949.1295  0.099423  -25.980761  -15.000000  188.350000
Element: 26299  0.350     9999.  85.52   0.01    26293  -200.0  200.0 2881.7114  0.099398   -5.196152   45.000000  188.350000
Element: 26300  0.350     9999.  85.41   0.01    26290  -200.0  200.0 2946.7463  0.099593  -15.588456  -21.000000  188.350000
Element: 26301  0.350     9999.  85.23   0.01    26294  -200.0  200.0 2956.5331  0.099662  -10.392304  -24.000000  188.350000
Element: 26302  0.350     9999.  85.55   0.01    26291  -200.0  200.0 2958.0085  0.099539   -5.196152  -27.000000  188.350000
Element: 26303  0.350     9999.  85.49   0.01    26295  -200.0  200.0 2920.0479  0.100158  -31.176912  -18.000000  188.350000
Element: 26328  0.350     9999.  85.99   0.01    26320  -200.0  200.0 2962.2191  0.099822  -25.980761  -21.000000  188.350000
Element: 26329  0.350     9999.  85.18   0.01    26324  -200.0  200.0 2916.3291  0.099285  -20.784609  -24.000000  188.350000
Element: 26330  0.350     9999.  85.37   0.01    26321  -200.0  200.0 2965.8490  0.099697  -15.588456  -27.000000  188.350000
Element: 26331  0.350     9999.  85.55   0.01    26325  -200.0  200.0 2953.9430  0.099750  -10.392304  -30.000000  188.350000
Element: 26332  0.350     9999.  85.57   0.01    26322  -200.0  200.0 2945.1295  0.099306   -5.196152  -33.000000  188.350000
Element: 26333  0.350     9999.  85.71   0.01    26326  -200.0  200.0 2953.7114  0.100144  -36.373062  -21.000000  188.350000
Element: 26334  0.350     9999.  86.06   0.01    26323  -200.0  200.0 2914.7463  0.100159  -31.176912  -24.000000  188.350000
Element: 26335  0.350     9999.  85.63   0.01    26327  -200.0  200.0 2924.5331  0.099801  -25.980761  -27.000000  188.350000
Element: 26360  0.350     9999.  85.34   0.01    26352  -200.0  200.0 2946.0085  0.099418  -20.784609  -30.000000  188.350000
Element: 26361  0.350     9999.  86.94   0.01    26356  -200.0  200.0 2932.0479  0.099334  -15.588456  -33.000000  188.350000
Element: 26362  0.350     9999.  87.39   0.01    26353  -200.0  200.0 2970.2191  0.098661  -10.392304  -36.000000  188.350000
Element: 26363  0.350     9999.  86.38   0.01    26357  -200.0  200.0 2968.3291  0.098610   -5.196152  -39.000000  188.350000
Element: 26364  0.350     9999.  84.67   0.01    26354  -200.0  200.0 2853.8490  0.099315  -41.569218  -24.000000  188.350000
Element: 26365  0.350     9999.  84.97   0.01    26358  -200.0  200.0 2961.9430  0.099313  -36.373062  -27.000000  188.350000
Element: 26366  0.350     9999.  84.62   0.01    26355  -200.0  200.0 2957.1295  0.098228  -31.176912  -30.000000  188.350000
Element: 26367  0.350     9999.  85.18   0.01    26359  -200.0  200.0 2993.7114  0.099009  -25.980761  -33.000000  188.350000
Element: 26392  0.350     9999.  85.85   0.01    26384  -200.0  200.0 2990.7463  0.098972  -20.784609  -36.000000  188.350000
Element: 26393  0.350     9999.  85.28   0.01    26388  -200.0  200.0 2960.5331  0.098715  -15.588456  -39.000000  188.350000
Element: 26394  0.350     9999.  85.02   0.01    26385  -200.0  200.0 2982.0085  0.098688  -10.392304  -42.000000  188.350000
Element: 26395  0.350     9999.  85.26   0.01    26389  -200.0  200.0 2972.0479  0.098951   -5.196152  -45.000000  188.350000
Element: 26396  0.350     9999.  85.43   0.01    26386  -200.0  200.0 2996.0479  0.098229  -46.765369  -27.000000  188.350000
Element: 26397  0.350     9999.  85.26   0.01    26390  -200.0  200.0 2916.0479  0.098677  -41.569218  -30.000000  188.350000
Element: 26398  0.350     9999.  84.81   0.01    26387  -200.0  200.0 2992.0479  0.098199  -36.373062  -33.000000  188.350000
Element: 26399  0.350     9999.  84.40   0.01    26391  -200.0  200.0 2976.0479  0.099302  -31.176912  -36.000000  188.350000
Element: 26424  0.350     9999.  85.06   0.01    26416  -200.0  200.0 2980.0479  0.099069  -25.980761  -39.000000  188.350000
Element: 26425  0.350     9999.  85.35   0.01    26420  -200.0  200.0 2968.0479  0.099550  -20.784609  -42.000000  188.350000
Element: 26426  0.350     9999.  85.04   0.01    26417  -200.0  200.0 2992.0479  0.099371  -15.588456  -45.000000  188.350000
Element: 26427  0.350     9999.  84.70   0.01    26421  -200.0  200.0 2936.0479  0.099913  -10.392304  -48.000000  188.350000
Element: 26428  0.350     9999.  85.37   0.01    26418  -200.0  200.0 3004.0479  0.098708   -5.196152  -51.000000  188.350000
Element: 26429  0.350     9999.  85.69   0.01    26422  -200.0  200.0 2948.0479  0.099769  -51.961521  -30.000000  188.350000
Element: 26430  0.350     9999.  85.52   0.01    26419  -200.0  200.0 3004.0479  0.099425  -46.765369  -33.000000  188.350000
Element: 26431  0.350     9999.  84.88   0.01    26423  -200.0  200.0 2808.0479  0.099553  -41.569218  -36.000000  188.350000
Element: 26456  0.350     9999.  85.96   0.01    26448  -200.0  200.0 2968.0479  0.098530  -36.373062  -39.000000  188.350000
Element: 26457  0.350     9999.  85.53   0.01    26452  -200.0  200.0 2924.0479  0.098865  -31.176912  -42.000000  188.350000
Element: 26458  0.350     9999.  86.15   0.01    26449  -200.0  200.0 2944.0479  0.099369  -25.980761  -45.000000  188.350000
Element: 26459  0.350     9999.  85.79   0.01    26453  -200.0  200.0 2948.0479  0.099362  -20.784609  -48.000000  188.350000
Element: 26460  0.350     9999.  86.06   0.01    26450  -200.0  200.0 2960.0479  0.098714  -15.588456  -51.000000  188.350000
Element: 26461  0.350     9999.  85.61   0.01    26454  -200.0  200.0 2960.0479  0.098347  -10.392304  -54.000000  188.350000
Element: 26462  0.350     9999.  84.93   0.01    26451  -200.0  200.0 2944.0479  0.099368   -5.196152  -57.000000  188.350000
Element: 26463  0.350     9999.  85.82   0.01    26455  -200.0  200.0 2928.0479  0.099352  -51.961521  -36.000000  188.350000
Element: 26488  0.350     9999.  85.87   0.01    26480  -200.0  200.0 2984.0479  0.098834  -46.765369  -39.000000  188.350000
Element: 26489  0.350     9999.  93.35   0.01    26484  -200.0  200.0 2988.0479  0.099519  -41.569218  -42.000000  188.350000
Element: 26490  0.350     9999.  85.52   0.01    26481  -200.0  200.0 2932.0479  0.099141  -36.373062  -45.000000  188.350000
Element: 26491  0.350     9999.  85.55   0.01    26485  -200.0  200.0 3000.0479  0.098719  -31.176912  -48.000000  188.350000
Element: 26492  0.350     9999.  85.83   0.01    26482  -200.0  200.0 3020.0479  0.098604  -25.980761  -51.000000  188.350000
Element: 26493  0.350     9999.  85.70   0.01    26486  -200.0  200.0 2960.0479  0.099127  -20.784609  -54.000000  188.350000
Element: 26494  0.350     9999.  85.46   0.01    26483  -200.0  200.0 2980.0479  0.099193  -15.588456  -57.000000  188.350000
Element: 26495  0.350     9999.  85.34   0.01    26487  -200.0  200.0 2972.0479  0.099522  -10.392304  -60.000000  188.350000
Element: 29168  0.350     9999.  86.52   0.01    29304M0  -2000.0  2000.0 0.0  0.1000    0.000000   -6.000000  188.350000
Element: 29170  0.350     9999.  87.00   0.01    29305M0  -2000.0  2000.0 0.0  0.1000    0.000000  -12.000000  188.350000
Element: 29172  0.350     9999.  86.78   0.01    29306M0  -2000.0  2000.0 0.0  0.1000    5.196152   -9.000000  188.350000
Element: 27011  0.350     9999.  87.18   0.01    27005  -200.0  200.0 2905.7220  0.098897    0.000000  -18.000000  188.350000
Element: 27012  0.350     9999.  85.73   0.01    27002  -200.0  200.0 2876.2659  0.098348    5.196152  -15.000000  188.350000
Element: 27013  0.350     9999.  85.82   0.01    27006  -200.0  200.0 2903.8684  0.098592   10.392304  -12.000000  188.350000
Element: 27014  0.350     9999.  87.03   0.01    27003  -200.0  200.0 2873.6130  0.098784    0.000000  -24.000000  188.350000
Element: 27015  0.350     9999.  86.56   0.01    27007  -200.0  200.0 2941.3597  0.098920    5.196152  -21.000000  188.350000
Element: 27040  0.350     9999.  88.24   0.01    27032  -200.0  200.0 2870.0171  0.099517   10.392304  -18.000000  188.350000
Element: 27041  0.350     9999.  95.86   0.01    27036  -200.0  200.0 2879.6221  0.099193   15.588456  -15.000000  188.350000
Element: 27042  0.350     9999.  87.89   0.01    27033  -200.0  200.0 2855.9750  0.099510    0.000000  -30.000000  188.350000
Element: 27043  0.350     9999.  96.57   0.01    27037  -200.0  200.0 2841.3668  0.099890    5.196152  -27.000000  188.350000
Element: 27044  0.350     9999.  86.60   0.01    27034  -200.0  200.0 2894.8954  0.099253   10.392304  -24.000000  188.350000
Element: 27045  0.350     9999.  86.71   0.01    27038  -200.0  200.0 2855.8923  0.099682   15.588456  -21.000000  188.350000
Element: 27046  0.350     9999.  85.98   0.01    27035  -200.0  200.0 2858.6204  0.099762   20.784609  -18.000000  188.350000
Element: 27047  0.350     9999.  86.68   0.01    27039  -200.0  200.0 2820.5337  0.100154    0.000000  -36.000000  188.350000
Element: 27072  0.350     9999.  87.31   0.01    27064  -200.0  200.0 2896.8220  0.098330    5.196152  -33.000000  188.350000
Element: 27073  0.350     9999.  86.52   0.01    27068  -200.0  200.0 2902.8682  0.098119   10.392304  -30.000000  188.350000
Element: 27074  0.350     9999.  86.91   0.01    27065  -200.0  200.0 2871.4324  0.098121   15.588456  -27.000000  188.350000
Element: 27075  0.350     9999.  86.38   0.01    27069  -200.0  200.0 2858.5161  0.098749   20.784609  -24.000000  188.350000
Element: 27076  0.350     9999.  86.49   0.01    27066  -200.0  200.0 2877.4531  0.098386   25.980761  -21.000000  188.350000
Element: 27077  0.350     9999.  87.44   0.01    27070  -200.0  200.0 2863.7325  0.098553    0.000000  -42.000000  188.350000
Element: 27078  0.350     9999.  87.28   0.01    27067  -200.0  200.0 2849.9530  0.098999    5.196152  -39.000000  188.350000
Element: 27079  0.350     9999.  86.94   0.01    27071  -200.0  200.0 2882.8622  0.098735   10.392304  -36.000000  188.350000
Element: 27104  0.350     9999.  87.86   0.01    27096  -200.0  200.0 2850.9215  0.099320   15.588456  -33.000000  188.350000
Element: 27105  0.350     9999.  87.05   0.01    27100  -200.0  200.0 2871.6916  0.098388   20.784609  -30.000000  188.350000
Element: 27106  0.350     9999.  87.30   0.01    27097  -200.0  200.0 2841.6077  0.099245   25.980761  -27.000000  188.350000
Element: 27107  0.350     9999.  86.90   0.01    27101  -200.0  200.0 2851.7246  0.099308   31.176912  -24.000000  188.350000
Element: 27108  0.350     9999.  87.19   0.01    27098  -200.0  200.0 2842.0670  0.098629    0.000000  -48.000000  188.350000
Element: 27109  0.350     9999.  87.63   0.01    27102  -200.0  200.0 2853.0212  0.099619    5.196152  -45.000000  188.350000
Element: 27110  0.350     9999.  87.00   0.01    27099  -200.0  200.0 2886.5634  0.098904   10.392304  -42.000000  188.350000
Element: 27111  0.350     9999.  87.02   0.01    27103  -200.0  200.0 2884.0983  0.100020   15.588456  -39.000000  188.350000
Element: 27136  0.350     9999.  87.80   0.01    27128  -200.0  200.0 2850.4384  0.099258   20.784609  -36.000000  188.350000
Element: 27137  0.350     9999.  87.26   0.01    27132  -200.0  200.0 2887.5118  0.099171   25.980761  -33.000000  188.350000
Element: 27138  0.350     9999.  86.75   0.01    27129  -200.0  200.0 2865.4413  0.098667   31.176912  -30.000000  188.350000
Element: 27139  0.350     9999.  86.71   0.01    27133  -200.0  200.0 2898.5240  0.098860   36.373062  -27.000000  188.350000
Element: 27140  0.350     9999.  87.40   0.01    27130  -200.0  200.0 2865.8705  0.098566    0.000000  -54.000000  188.350000
Element: 27141  0.350     9999.  87.67   0.01    27134  -200.0  200.0 2863.0139  0.099287    5.196152  -51.000000  188.350000
Element: 27142  0.350     9999.  87.03   0.01    27131  -200.0  200.0 2862.8284  0.099140   10.392304  -48.000000  188.350000
Element: 27143  0.350     9999.  86.70   0.01    27135  -200.0  200.0 2881.5144  0.099284   15.588456  -45.000000  188.350000
Element: 27168  0.350     9999.  86.83   0.01    27160  -200.0  200.0 2870.7473  0.098119   20.784609  -42.000000  188.350000
Element: 27169  0.350     9999.  87.22   0.01    27164  -200.0  200.0 2859.0262  0.098424   25.980761  -39.000000  188.350000
Element: 27170  0.350     9999.  86.12   0.01    27161  -200.0  200.0 2859.7924  0.098749   31.176912  -36.000000  188.350000
Element: 27171  0.350     9999.  87.31   0.01    27165  -200.0  200.0 2853.5239  0.098888   36.373062  -33.000000  188.350000
Element: 27172  0.350     9999.  86.81   0.01    27162  -200.0  200.0 2847.2804  0.099172   41.569218  -30.000000  188.350000
Element: 27173  0.350     9999.  87.22   0.01    27166  -200.0  200.0 2844.5986  0.098861    0.000000  -60.000000  188.350000
Element: 27174  0.350     9999.  86.66   0.01    27163  -200.0  200.0 2868.2399  0.098467    5.196152  -57.000000  188.350000
Element: 27175  0.350     9999.  86.65   0.01    27167  -200.0  200.0 2869.5458  0.098364   10.392304  -54.000000  188.350000
Element: 27200  0.350     9999.  86.71   0.01    27192  -200.0  200.0 2853.2776  0.099249   15.588456  -51.000000  188.350000
Element: 27201  0.350     9999.  86.05   0.01    27196  -200.0  200.0 2820.5063  0.098659   20.784609  -48.000000  188.350000
Element: 27202  0.350     9999.  85.53   0.01    27193  -200.0  200.0 2829.7623  0.098528   25.980761  -45.000000  188.350000
Element: 27203  0.350     9999.  87.18   0.01    27197  -200.0  200.0 2838.9432  0.098318   31.176912  -42.000000  188.350000
Element: 27204  0.350     9999.  86.56   0.01    27194  -200.0  200.0 2853.9678  0.098977   36.373062  -39.000000  188.350000
Element: 27205  0.350     9999.  85.08   0.01    27198  -200.0  200.0 2852.1404  0.098336   41.569218  -36.000000  188.350000
Element: 27206  0.350     9999.  86.42   0.01    27195  -200.0  200.0 2829.1295  0.099143   46.765369  -33.000000  188.350000
Element: 27207  0.350     9999.  85.69   0.01    27199  -200.0  200.0 2809.7114  0.099006   10.392304  -60.000000  188.350000
Element: 27232  0.350     9999.  86.52   0.01    27224  -200.0  200.0 2830.7463  0.098919   15.588456  -57.000000  188.350000
Element: 27233  0.350     9999.  87.00   0.01    27228  -200.0  200.0 2816.5331  0.098831   20.784609  -54.000000  188.350000
Element: 27234  0.350     9999.  87.20   0.01    27225  -200.0  200.0 2826.0085  0.098984   25.980761  -51.000000  188.350000
Element: 27235  0.350     9999.  87.39   0.01    27229  -200.0  200.0 2792.0479  0.099358   31.176912  -48.000000  188.350000
Element: 27236  0.350     9999.  86.53   0.01    27226  -200.0  200.0 2786.2191  0.098777    5.196152   -3.000000  188.350000
Element: 27237  0.350     9999.  87.95   0.01    27230  -200.0  200.0 2768.3291  0.099770   41.569218  -42.000000  188.350000
Element: 27238  0.350     9999.  87.35   0.01    27227  -200.0  200.0 2785.8490  0.099500   46.765369  -39.000000  188.350000
Element: 27239  0.350     9999.  87.20   0.01    27231  -200.0  200.0 2729.9430  0.099749   51.961521  -36.000000  188.350000
Element: 29174  0.350     9999.  87.20   0.01    29307M0  -2000.0  2000.0 0.0  0.1000   36.373062  -45.000000  188.350000
Element: 29176  0.350     9999.  86.95   0.01    29308M0  -2000.0  2000.0 0.0  0.1000   10.392304   -6.000000  188.350000
Element: 29178  0.350     9999.  85.27   0.01    29309M0  -2000.0  2000.0 0.0  0.1000   10.392304    0.000000  188.350000
Element: 27267  0.350     9999.  86.62   0.01    27261  -200.0  200.0 2768.5331  0.099717  -31.176912   30.000000  188.350000
Element: 27268  0.350     9999.  87.22   0.01    27258  -200.0  200.0 2814.0085  0.099236   15.588456   -3.000000  188.350000
Element: 27269  0.350     9999.  86.42   0.01    27262  -200.0  200.0 2792.0479  0.099701   15.588456    3.000000  188.350000
Element: 27270  0.350     9999.  87.16   0.01    27259  -200.0  200.0 2846.2191  0.098545   20.784609  -12.000000  188.350000
Element: 27271  0.350     9999.  86.89   0.01    27263  -200.0  200.0 2812.3291  0.099855   20.784609   -6.000000  188.350000
Element: 27296  0.350     9999.  88.57   0.01    27288  -200.0  200.0 2865.8490  0.098444   20.784609    0.000000  188.350000
Element: 27297  0.350     9999.  87.12   0.01    27292  -200.0  200.0 2841.9430  0.099182   20.784609    6.000000  188.350000
Element: 27298  0.350     9999.  87.05   0.01    27289  -200.0  200.0 2845.1295  0.098138   25.980761  -15.000000  188.350000
Element: 27299  0.350     9999.  87.10   0.01    27293  -200.0  200.0 2761.7114  0.098795   46.765369   27.000000  188.350000 
Element: 27300  0.350     9999.  87.72   0.01    27290  -200.0  200.0 2734.7463  0.099519   25.980761   -3.000000  188.350000
Element: 27301  0.350     9999.  86.87   0.01    27294  -200.0  200.0 2844.5331  0.098975   25.980761    3.000000  188.350000
Element: 27302  0.350     9999.  86.53   0.01    27291  -200.0  200.0 2846.0085  0.099250   25.980761    9.000000  188.350000
Element: 27303  0.350     9999.  86.88   0.01    27295  -200.0  200.0 2808.0479  0.098463   31.176912  -18.000000  188.350000
Element: 27328  0.350     9999.  86.59   0.01    27320  -200.0  200.0 2910.2191  0.099081   31.176912  -12.000000  188.350000
Element: 27329  0.350     9999.  86.95   0.01    27324  -200.0  200.0 2916.3291  0.098887   31.176912   -6.000000  188.350000
Element: 27330  0.350     9999.  86.75   0.01    27321  -200.0  200.0 2933.8490  0.098549   31.176912    0.000000  188.350000
Element: 27331  0.350     9999.  86.59   0.01    27325  -200.0  200.0 2885.9430  0.099873   31.176912    6.000000  188.350000
Element: 27332  0.350     9999.  86.52   0.01    27322  -200.0  200.0 2901.1295  0.099891   31.176912   12.000000  188.350000
Element: 27333  0.350     9999.  97.58   0.01    27326  -200.0  200.0 2905.7114  0.099738   36.373062  -21.000000  188.350000
Element: 27334  0.350     9999.  88.09   0.01    27323  -200.0  200.0 2890.7463  0.099254   36.373062  -15.000000  188.350000
Element: 27335  0.350     9999.  87.18   0.01    27327  -200.0  200.0 2900.5331  0.099350   36.373062   -9.000000  188.350000
Element: 27360  0.350     9999.  86.96   0.01    27352  -200.0  200.0 2890.0085  0.099108   36.373062   -3.000000  188.350000
Element: 27361  0.350     9999.  86.98   0.01    27356  -200.0  200.0 2864.0479  0.099079   36.373062    3.000000  188.350000
Element: 27362  0.350     9999.  87.25   0.01    27353  -200.0  200.0 2914.2191  0.098176   36.373062    9.000000  188.350000
Element: 27363  0.350     9999.  86.29   0.01    27357  -200.0  200.0 2888.3291  0.098855   36.373062   15.000000  188.350000
Element: 27364  0.350     9999.  87.38   0.01    27354  -200.0  200.0 2861.8490  0.098992   41.569218  -24.000000  188.350000
Element: 27365  0.350     9999.  88.02   0.01    27358  -200.0  200.0 2889.9430  0.098725   41.569218  -18.000000  188.350000
Element: 27366  0.350     9999.  86.94   0.01    27355  -200.0  200.0 2893.1295  0.099436   41.569218  -12.000000  188.350000
Element: 27367  0.350     9999.  87.08   0.01    27359  -200.0  200.0 2837.7114  0.099826   41.569218   -6.000000  188.350000
Element: 27392  0.350     9999.  87.54   0.01    27384  -200.0  200.0 2822.7463  0.099692   41.569218    0.000000  188.350000
Element: 27393  0.350     9999.  87.12   0.01    27388  -200.0  200.0 2824.5331  0.099566   41.569218    6.000000  188.350000
Element: 27394  0.350     9999.  87.57   0.01    27385  -200.0  200.0 2830.0085  0.099021   41.569218   12.000000  188.350000
Element: 27395  0.350     9999.  86.35   0.01    27389  -200.0  200.0 2812.0479  0.099218   41.569218   18.000000  188.350000
Element: 27396  0.350     9999.  87.73   0.01    27386  -200.0  200.0 2836.0479  0.099064   46.765369  -27.000000  188.350000
Element: 27397  0.350     9999.  87.63   0.01    27390  -200.0  200.0 2796.0479  0.099317   46.765369  -21.000000  188.350000
Element: 27398  0.350     9999.  87.23   0.01    27387  -200.0  200.0 2820.0479  0.099258   46.765369  -15.000000  188.350000
Element: 27399  0.350     9999.  87.38   0.01    27391  -200.0  200.0 2860.0479  0.099449   46.765369   -9.000000  188.350000
Element: 27424  0.350     9999.  86.91   0.01    27416  -200.0  200.0 2836.0479  0.099108   46.765369   -3.000000  188.350000
Element: 27425  0.350     9999.  86.97   0.01    27420  -200.0  200.0 2852.0479  0.099266   46.765369    3.000000  188.350000
Element: 27426  0.350     9999.  86.44   0.01    27417  -200.0  200.0 2856.0479  0.098261   46.765369    9.000000  188.350000
Element: 27427  0.350     9999.  86.56   0.01    27421  -200.0  200.0 2852.0479  0.098769   46.765369   15.000000  188.350000
Element: 27428  0.350     9999.  86.71   0.01    27418  -200.0  200.0 2820.0479  0.098883   46.765369   21.000000  188.350000
Element: 27429  0.350     9999.  86.63   0.01    27422  -200.0  200.0 2860.0479  0.098276   51.961521  -30.000000  188.350000
Element: 27430  0.350     9999.  86.74   0.01    27419  -200.0  200.0 2868.0479  0.098941   51.961521  -24.000000  188.350000
Element: 27431  0.350     9999. 104.45   0.01    27423  -200.0  200.0 2820.0479  0.099447   51.961521  -18.000000  188.350000
Element: 27456  0.350     9999.  87.19   0.01    27448  -200.0  200.0 2840.0479  0.098443   51.961521  -12.000000  188.350000
Element: 27457  0.350     9999.  87.35   0.01    27452  -200.0  200.0 2832.0479  0.099225   51.961521   -6.000000  188.350000
Element: 27458  0.350     9999.  86.95   0.01    27449  -200.0  200.0 2792.0479  0.098688   20.784609   48.000000  188.350000 
Element: 27459  0.350     9999.  87.19   0.01    27453  -200.0  200.0 2764.0479  0.099248   20.784609   36.000000  188.350000 
Element: 27460  0.350     9999.  87.26   0.01    27450  -200.0  200.0 2860.0479  0.098130   51.961521   12.000000  188.350000
Element: 27461  0.350     9999.  85.96   0.01    27454  -200.0  200.0 2820.0479  0.098798   51.961521   18.000000  188.350000
Element: 27462  0.350     9999.  88.15   0.01    27451  -200.0  200.0 2828.0479  0.099351   51.961521   24.000000  188.350000
Element: 27463  0.350     9999.  89.20   0.01    27455  -200.0  200.0 2756.0479  0.099158   57.157672  -27.000000  188.350000
Element: 27488  0.350     9999.  87.26   0.01    27480  -200.0  200.0 2844.0479  0.098213   57.157662  -21.000000  188.350000
Element: 27489  0.350     9999.  87.17   0.01    27484  -200.0  200.0 2848.0479  0.098293   57.157662  -15.000000  188.350000
Element: 27490  0.350     9999.  87.62   0.01    27481  -200.0  200.0 2828.0479  0.099761   57.157662   -9.000000  188.350000
Element: 27491  0.350     9999.  87.42   0.01    27485  -200.0  200.0 2872.0479  0.098432   57.157662   -3.000000  188.350000
Element: 27492  0.350     9999.  87.77   0.01    27482  -200.0  200.0 2868.0479  0.098413   57.157662    3.000000  188.350000
Element: 27493  0.350     9999.  87.56   0.01    27486  -200.0  200.0 2832.0479  0.098789   57.157662    9.000000  188.350000
Element: 27494  0.350     9999.  86.83   0.01    27483  -200.0  200.0 2800.0479  0.098555  -46.765369   -3.000000  188.350000
Element: 27495  0.350     9999.  87.48   0.01    27487  -200.0  200.0 2820.0479  0.098382   57.157662   21.000000  188.350000
Element: 29180  0.350     9999.  86.24   0.01    29312M0  -2000.0  2000.0 0.0  0.1000    5.196152    3.000000  188.350000
Element: 29182  0.350     9999.  86.53   0.01    29313M0  -2000.0  2000.0 0.0  0.1000   10.392304    6.000000  188.350000 
Element: 29184  0.350     9999.  84.67   0.01    29314M0  -2000.0  2000.0 0.0  0.1000    5.196152    9.000000  188.350000
Element: 28011  0.350     9999.  85.04   0.01    28005  -200.0  200.0 2657.7220  0.100013   15.588456    9.000000  188.350000 
Element: 28012  0.350     9999.  84.60   0.01    28002  -200.0  200.0 2688.2659  0.099360   10.392304   12.000000  188.350000 
Element: 28013  0.350     9999.  85.85   0.01    28006  -200.0  200.0 2695.8684  0.099672    5.196152   15.000000  188.350000 
Element: 28014  0.350     9999.  84.76   0.01    28003  -200.0  200.0 2689.6130  0.098112   20.784609   12.000000  188.350000 
Element: 28015  0.350     9999.  85.64   0.01    28007  -200.0  200.0 2309.3597  0.099016   15.588456   15.000000  188.350000 
Element: 28040  0.350     9999.  86.07   0.01    28032  -200.0  200.0 2750.0171  0.097800   10.392304   18.000000  188.350000 
Element: 28041  0.350     9999.  85.34   0.01    28036  -200.0  200.0 2743.6221  0.098030    5.196152   21.000000  188.350000 
Element: 28042  0.350     9999.  86.28   0.01    28033  -200.0  200.0 2739.9750  0.097760   25.980761   15.000000  188.350000 
Element: 28043  0.350     9999.  85.76   0.01    28037  -200.0  200.0 2689.3668  0.098347   20.784609   18.000000  188.350000 
Element: 28044  0.350     9999.  86.28   0.01    28034  -200.0  200.0 2710.8954  0.098074   15.588456   21.000000  188.350000 
Element: 28045  0.350     9999.  85.95   0.01    28038  -200.0  200.0 2731.8923  0.097845   10.392304   24.000000  188.350000 
Element: 28046  0.350     9999.  85.74   0.01    28035  -200.0  200.0 2726.6204  0.098159    5.196152   27.000000  188.350000 
Element: 28047  0.350     9999.  85.64   0.01    28039  -200.0  200.0 2692.5337  0.098188   31.176912   18.000000  188.350000 
Element: 28072  0.350     9999.  86.24   0.01    28064  -200.0  200.0 2752.8220  0.098282   25.980761   21.000000  188.350000 
Element: 28073  0.350     9999.  86.28   0.01    28068  -200.0  200.0 2718.8682  0.098850   20.784609   24.000000  188.350000 
Element: 28074  0.350     9999.  86.10   0.01    28065  -200.0  200.0 2707.4324  0.099186   15.588456   27.000000  188.350000 
Element: 28075  0.350     9999.  85.65   0.01    28069  -200.0  200.0 2698.5161  0.099486   10.392304   30.000000  188.350000 
Element: 28076  0.350     9999.  86.07   0.01    28066  -200.0  200.0 2717.4531  0.098575    5.196152   33.000000  188.350000 
Element: 28077  0.350     9999.  86.19   0.01    28070  -200.0  200.0 2695.7325  0.099251   36.373062   21.000000  188.350000 
Element: 28078  0.350     9999.  86.76   0.01    28067  -200.0  200.0 2693.9530  0.099723   31.176912   24.000000  188.350000 
Element: 28079  0.350     9999.  85.49   0.01    28071  -200.0  200.0 2646.8622  0.098839   25.980761   27.000000  188.350000 
Element: 28104  0.350     9999.  86.58   0.01    28096  -200.0  200.0 2734.9215  0.098339   20.784609   30.000000  188.350000 
Element: 28105  0.350     9999.  86.56   0.01    28100  -200.0  200.0 2755.6916  0.097319   15.588456   33.000000  188.350000 
Element: 28106  0.350     9999.  86.15   0.01    28097  -200.0  200.0 2741.6077  0.098226   10.392304   36.000000  188.350000 
Element: 28107  0.350     9999.  85.97   0.01    28101  -200.0  200.0 2735.7246  0.098810    5.196152   39.000000  188.350000 
Element: 28108  0.350     9999.  86.68   0.01    28098  -200.0  200.0 2710.0670  0.098004   41.569218   24.000000  188.350000 
Element: 28109  0.350     9999.  86.02   0.01    28102  -200.0  200.0 2729.0212  0.098480   36.373062   27.000000  188.350000 
Element: 28110  0.350     9999.  86.46   0.01    28099  -200.0  200.0 2710.5634  0.098979   31.176912   30.000000  188.350000 
Element: 28264  0.350     9999.  86.48   0.01    28256  -200.0  200.0 2728.0983  0.098349   25.980761   33.000000  188.350000 
Element: 28136  0.350     9999.  85.19   0.01    28128  -200.0  200.0 2582.4384  0.099047   51.961521    6.000000  188.350000
Element: 28137  0.350     9999.  85.70   0.01    28132  -200.0  200.0 2639.5118  0.099935   15.588456   39.000000  188.350000 
Element: 28138  0.350     9999.  85.26   0.01    28129  -200.0  200.0 2713.4413  0.099105   10.392304   42.000000  188.350000 
Element: 28139  0.350     9999.  85.32   0.01    28133  -200.0  200.0 2658.5240  0.098668    5.196152   45.000000  188.350000 
Element: 28140  0.350     9999.  85.45   0.01    28130  -200.0  200.0 2597.8705  0.098969   25.980761   -9.000000  188.350000
Element: 28141  0.350     9999.  85.34   0.01    28134  -200.0  200.0 2703.0139  0.098901   41.569218   30.000000  188.350000 
Element: 28142  0.350     9999.  85.19   0.01    28131  -200.0  200.0 2718.8284  0.099056   36.373062   33.000000  188.350000 
Element: 28143  0.350     9999.  85.28   0.01    28135  -200.0  200.0 2705.5144  0.099766   31.176912   36.000000  188.350000 
Element: 28168  0.350     9999.  85.94   0.01    28160  -200.0  200.0 2710.7473  0.099062   25.980761   39.000000  188.350000 
Element: 28169  0.350     9999.  86.33   0.01    28164  -200.0  200.0 2695.0262  0.100737   20.784609   42.000000  188.350000 
Element: 28170  0.350     9999.  86.10   0.01    28161  -200.0  200.0 2695.7924  0.100118   15.588456   45.000000  188.350000 
Element: 28171  0.350     9999.  86.05   0.01    28165  -200.0  200.0 2677.5239  0.100853   10.392304   48.000000  188.350000 
Element: 28172  0.350     9999.  86.32   0.01    28162  -200.0  200.0 2695.2804  0.100329    5.196152   51.000000  188.350000 
Element: 28173  0.350     9999.  86.18   0.01    28166  -200.0  200.0 2664.5986  0.100808   51.961521   30.000000  188.350000 
Element: 28174  0.350     9999.  85.89   0.01    28163  -200.0  200.0 2656.2399  0.100804   46.765369   33.000000  188.350000 
Element: 28175  0.350     9999.  85.61   0.01    28167  -200.0  200.0 2637.5458  0.100998   41.569218   36.000000  188.350000 
Element: 28200  0.350     9999.  86.00   0.01    28192  -200.0  200.0 2721.2776  0.098342   36.373062   39.000000  188.350000 
Element: 28201  0.350     9999.  85.92   0.01    28196  -200.0  200.0 2744.5063  0.097858   31.176912   42.000000  188.350000 
Element: 28202  0.350     9999.  85.10   0.01    28193  -200.0  200.0 2749.7623  0.097875   25.980761   45.000000  188.350000 
Element: 28203  0.350     9999.  86.40   0.01    28197  -200.0  200.0 2614.9432  0.098260   51.961521    0.000000  188.350000
Element: 28204  0.350     9999.  85.95   0.01    28194  -200.0  200.0 2729.9678  0.098160   15.588456   51.000000  188.350000 
Element: 28205  0.350     9999.  85.82   0.01    28198  -200.0  200.0 2728.1404  0.098336   10.392304   54.000000  188.350000 
Element: 28206  0.350     9999.  85.55   0.01    28195  -200.0  200.0 2745.1295  0.097697    5.196152   57.000000  188.350000 
Element: 28207  0.350     9999.  85.64   0.01    28199  -200.0  200.0 2705.7114  0.098651   51.961521   36.000000  188.350000 
Element: 28232  0.350     9999.  86.34   0.01    28224  -200.0  200.0 2702.7463  0.099026   46.765369   39.000000  188.350000 
Element: 28233  0.350     9999.  86.42   0.01    28228  -200.0  200.0 2680.5331  0.098349   41.569218   42.000000  188.350000 
Element: 28234  0.350     9999.  86.12   0.01    28225  -200.0  200.0 2698.0085  0.099324   36.373062   45.000000  188.350000 
Element: 28235  0.350     9999.  85.95   0.01    28229  -200.0  200.0 2700.0479  0.099393   31.176912   48.000000  188.350000 
Element: 28236  0.350     9999.  85.77   0.01    28226  -200.0  200.0 2690.2191  0.099371   25.980761   51.000000  188.350000 
Element: 28237  0.350     9999.  85.54   0.01    28230  -200.0  200.0 2660.3291  0.099841   20.784609   54.000000  188.350000 
Element: 28238  0.350     9999.  85.83   0.01    28227  -200.0  200.0 2713.8490  0.099408   15.588456   57.000000  188.350000 
Element: 28239  0.350     9999.  85.92   0.01    28231  -200.0  200.0 2713.9430  0.100293   10.392304   60.000000  188.350000 
Element: 29186  0.350     9999.  86.06   0.01    29315M0  -2000.0  2000.0 0.0  0.1000    0.000000    6.000000  188.350000
Element: 29188  0.350     9999.  85.52   0.01    29316M0  -2000.0  2000.0 0.0  0.1000    0.000000   12.000000  188.350000
Element: 29190  0.350     9999.  86.18   0.01    29317M0  -2000.0  2000.0 0.0  0.1000   -5.196152    9.000000  188.350000
Element: 28267  0.350     9999.  86.34   0.01    28261  -200.0  200.0 2692.5331  0.099731    0.000000   18.000000  188.350000
Element: 28268  0.350     9999.  91.46   0.01    28258  -200.0  200.0 2690.0085  0.099541   -5.196152   15.000000  188.350000
Element: 28269  0.350     9999.  87.65   0.01    28262  -200.0  200.0 2680.0479  0.099862  -10.392304   12.000000  188.350000
Element: 28270  0.350     9999.  86.36   0.01    28259  -200.0  200.0 2702.2191  0.099195    0.000000   24.000000  188.350000
Element: 28265  0.350     9999.  85.85   0.01    28260  -200.0  200.0 2676.3291  0.100146   -5.196152   21.000000  188.350000
Element: 28296  0.350     9999.  85.80   0.01    28288  -200.0  200.0 2657.8490  0.098724  -10.392304   18.000000  188.350000
Element: 28297  0.350     9999.  85.13   0.01    28292  -200.0  200.0 2633.9430  0.099502  -15.588456   15.000000  188.350000
Element: 28298  0.350     9999.  85.45   0.01    28289  -200.0  200.0 2661.1295  0.099779    0.000000   30.000000  188.350000
Element: 28299  0.350     9999.  84.98   0.01    28293  -200.0  200.0 2637.7114  0.099678   -5.196152   27.000000  188.350000
Element: 28300  0.350     9999.  85.34   0.01    28290  -200.0  200.0 2654.7463  0.098789  -10.392304   24.000000  188.350000
Element: 28301  0.350     9999.  85.71   0.01    28294  -200.0  200.0 2644.5331  0.099446  -15.588456   21.000000  188.350000
Element: 28302  0.350     9999.  85.35   0.01    28291  -200.0  200.0 2646.0085  0.099057  -20.784609   18.000000  188.350000
Element: 28303  0.350     9999.  85.66   0.01    28295  -200.0  200.0 2532.0479  0.100055    0.000000   36.000000  188.350000
Element: 28328  0.350     9999.  86.45   0.01    28320  -200.0  200.0 2694.2191  0.098230   -5.196152   33.000000  188.350000
Element: 28329  0.350     9999.  94.78   0.01    28324  -200.0  200.0 2632.3291  0.098964  -10.392304   30.000000  188.350000
Element: 28330  0.350     9999.  86.53   0.01    28321  -200.0  200.0 2689.8490  0.098687  -15.588456   27.000000  188.350000
Element: 28331  0.350     9999.  86.20   0.01    28325  -200.0  200.0 2685.9430  0.098936  -20.784609   24.000000  188.350000
Element: 28332  0.350     9999.  85.56   0.01    28322  -200.0  200.0 2669.1295  0.098016  -25.980761   21.000000  188.350000
Element: 28333  0.350     9999.  86.23   0.01    28326  -200.0  200.0 2673.7114  0.099539    0.000000   42.000000  188.350000
Element: 28334  0.350     9999.  87.44   0.01    28323  -200.0  200.0 2678.7463  0.098498   -5.196152   39.000000  188.350000
Element: 28335  0.350     9999.  94.54   0.01    28327  -200.0  200.0 2688.5331  0.098704  -10.392304   36.000000  188.350000
Element: 28360  0.350     9999.  88.26   0.01    28352  -200.0  200.0 2714.0085  0.098946  -15.588456   33.000000  188.350000
Element: 28361  0.350     9999.  86.05   0.01    28356  -200.0  200.0 2720.0479  0.098637  -20.784609   30.000000  188.350000
Element: 28362  0.350     9999.  83.91   0.01    28353  -200.0  200.0 2726.2191  0.097942  -25.980761   27.000000  188.350000
Element: 28363  0.350     9999.  90.99   0.01    28357  -200.0  200.0 2672.3291  0.099105  -31.176912   24.000000  188.350000
Element: 28364  0.350     9999.  85.73   0.01    28354  -200.0  200.0 2725.8490  0.099233    0.000000   48.000000  188.350000
Element: 28365  0.350     9999.  85.76   0.01    28358  -200.0  200.0 2609.9430  0.099304  -20.784609  -18.000000  188.350000
Element: 28366  0.350     9999.  86.67   0.01    28355  -200.0  200.0 2725.1295  0.099011  -10.392304   42.000000  188.350000
Element: 28367  0.350     9999.  84.87   0.01    28359  -200.0  200.0 2721.7114  0.098496  -15.588456   39.000000  188.350000
Element: 28392  0.350     9999.  86.51   0.01    28384  -200.0  200.0 2698.7463  0.098500  -20.784609   36.000000  188.350000
Element: 28393  0.350     9999.  86.24   0.01    28388  -200.0  200.0 2708.5331  0.098140  -25.980761   33.000000  188.350000
Element: 28394  0.350     9999.  85.99   0.01    28385  -200.0  200.0 2626.0085  0.099162   15.588456   -9.000000  188.350000
Element: 28395  0.350     9999.  86.72   0.01    28389  -200.0  200.0 2776.0479  0.098516  -36.373062   27.000000  188.350000
Element: 28396  0.350     9999.  87.13   0.01    28386  -200.0  200.0 2688.0479  0.099120    0.000000   54.000000  188.350000
Element: 28397  0.350     9999.  85.97   0.01    28390  -200.0  200.0 2660.0479  0.099297   -5.196152   51.000000  188.350000
Element: 28398  0.350     9999.  86.46   0.01    28387  -200.0  200.0 2664.0479  0.099179  -10.392304   48.000000  188.350000
Element: 28399  0.350     9999.  86.51   0.01    28391  -200.0  200.0 2696.0479  0.099117  -15.588456   45.000000  188.350000
Element: 28424  0.350     9999.  85.62   0.01    28416  -200.0  200.0 2664.0479  0.100473  -20.784609   42.000000  188.350000
Element: 28425  0.350     9999.  86.24   0.01    28420  -200.0  200.0 2676.0479  0.099158  -25.980761   39.000000  188.350000
Element: 28426  0.350     9999.  93.79   0.01    28417  -200.0  200.0 2688.0479  0.099354  -31.176912   36.000000  188.350000
Element: 28427  0.350     9999.  85.70   0.01    28421  -200.0  200.0 2704.0479  0.099400  -36.373062   33.000000  188.350000
Element: 28428  0.350     9999.  86.70   0.01    28418  -200.0  200.0 2656.0479  0.098957  -41.569218   30.000000  188.350000
Element: 28429  0.350     9999.  86.35   0.01    28422  -200.0  200.0 2676.0479  0.100316    0.000000   60.000000  188.350000
Element: 28430  0.350     9999.  90.04   0.01    28419  -200.0  200.0 2676.0479  0.100195   -5.196152   57.000000  188.350000
Element: 28431  0.350     9999.  85.69   0.01    28423  -200.0  200.0 2672.0479  0.100091  -10.392304   54.000000  188.350000
Element: 28456  0.350     9999.  85.37   0.01    28448  -200.0  200.0 2688.0479  0.098840  -15.588456   51.000000  188.350000
Element: 28457  0.350     9999.  86.37   0.01    28452  -200.0  200.0 2688.0479  0.098468  -20.784609   48.000000  188.350000
Element: 28458  0.350     9999.  86.25   0.01    28449  -200.0  200.0 2700.0479  0.097873  -25.980761   45.000000  188.350000
Element: 28459  0.350     9999.  85.36   0.01    28453  -200.0  200.0 2680.0479  0.099444  -31.176912   42.000000  188.350000
Element: 28460  0.350     9999.  86.13   0.01    28450  -200.0  200.0 2668.0479  0.098981  -36.373062   39.000000  188.350000
Element: 28461  0.350     9999.  86.10   0.01    28454  -200.0  200.0 2568.0479  0.099121  -41.569218   36.000000  188.350000
Element: 28462  0.350     9999.  86.08   0.01    28451  -200.0  200.0 2680.0479  0.099032  -46.765369   33.000000  188.350000
Element: 28463  0.350     9999.  86.24   0.01    28455  -200.0  200.0 2600.0479  0.099114  -10.392304   60.000000  188.350000
Element: 28488  0.350     9999.  85.52   0.01    28480  -200.0  200.0 2660.0479  0.099745  -15.588456   57.000000  188.350000
Element: 28489  0.350     9999.  85.39   0.01    28484  -200.0  200.0 2660.0479  0.099856  -20.784609   54.000000  188.350000
Element: 28490  0.350     9999.  87.08   0.01    28481  -200.0  200.0 2684.0479  0.098948  -25.980761   51.000000  188.350000
Element: 28491  0.350     9999.  85.58   0.01    28485  -200.0  200.0 2652.0479  0.099807  -31.176912   48.000000  188.350000
Element: 28492  0.350     9999.  85.56   0.01    28482  -200.0  200.0 2672.0479  0.099191  -36.373064   45.000000  188.350000
Element: 28493  0.350     9999.  85.86   0.01    28486  -200.0  200.0 2652.0479  0.099976  -41.569216   42.000000  188.350000
Element: 28494  0.350     9999.  85.60   0.01    28483  -200.0  200.0 2668.0479  0.098951  -46.765368   39.000000  188.350000
Element: 28495  0.350     9999.  85.05   0.01    28487  -200.0  200.0 2616.0479  0.099845  -51.961520   36.000000  188.350000
###
### Specify ignored elements
###
# PWO veto
Ignore-Elem: 0
Ignore-Elem: 1
Ignore-Elem: 2
Ignore-Elem: 64
Ignore-Elem: 65
Ignore-Elem: 66
Ignore-Elem: 114
Ignore-Elem: 118
Ignore-Elem: 128
Ignore-Elem: 129
Ignore-Elem: 130
Ignore-Elem: 153
Ignore-Elem: 154
Ignore-Elem: 156
Ignore-Elem: 157
Ignore-Elem: 192
Ignore-Elem: 193
Ignore-Elem: 194
Ignore-Elem: 213
Ignore-Elem: 227
Ignore-Elem: 256
Ignore-Elem: 257
Ignore-Elem: 258
Ignore-Elem: 282
Ignore-Elem: 283
Ignore-Elem: 284
Ignore-Elem: 285
Ignore-Elem: 286
Ignore-Elem: 287
Ignore-Elem: 320
Ignore-Elem: 321
Ignore-Elem: 322
Ignore-Elem: 326
Ignore-Elem: 327
Ignore-Elem: 376
Ignore-Elem: 377
Ignore-Elem: 378
Ignore-Elem: 379
Ignore-Elem: 380
Ignore-Elem: 381
Ignore-Elem: 382
Ignore-Elem: 383
#broken Vetos
Ignore-Elem: 3
Ignore-Elem: 31
Ignore-Elem: 36
Ignore-Elem: 41
Ignore-Elem: 75
Ignore-Elem: 188
Ignore-Elem: 195
Ignore-Elem: 203
Ignore-Elem: 242
Ignore-Elem: 243
Ignore-Elem: 253
Ignore-Elem: 254
Ignore-Elem: 263
Ignore-Elem: 288
Ignore-Elem: 292
Ignore-Elem: 307
Ignore-Elem: 311
Ignore-Elem: 316
Ignore-Elem: 323
Ignore-Elem: 337
Ignore-Elem: 341
Ignore-Elem: 345
Ignore-Elem: 346
Ignore-Elem: 349
Ignore-Elem: 350
###
##
Initialise:
##
##
##      Histograming of basic detector stuff
##
## NaI Crystal hit multiplicity, 32 channels, range 0--32
##              Name            ch/low/high     imin/imax
#Display: 1D     Nhits           32 0 32
#Display: 1D	NADChits  	32 0 32
#Display: 1D	NTDChits  	32 0 32
#Display: 1D	TAPSDiscr	8192 0 8192
#Display: 1D	TAPSVeto	384 0 384
#Display: 1D	NPatternHits	48 0 48		0 1
##
## NaI hit frequency distribution, 720 elements, range 0 -- 720
##              Name            ch/low/high     imin/imax
#Display: 1D     Hits            384 0 384
#Display: 1D	ADCHits		384 0 384
#Display: 1D	TDCHits		384 0 384
##
## Total Energy deposited in the array, 1000 channels, range 0 -- 200 MeV
##              Name            ch/low/high     imin/imax
#Display: 1D     Etot            5000  -5 10 
##
## Energy deposited in individual crystals, 200 channels, range 0 -- 400 MeV
## Make histogram for each element (0-509) of the CB
##              Name            ch/low/high     imin/imax(opt)
#Display: 1D    Energy          8000  -5 10     0 384
##
## Energy OR
#Display: 1D    EnergyOR        2000 -400 400
##      Cluster Histograms
##
##      1/2D    Name            Chan    Low     High    Imin    Imax
## Energy in each Cluster
## Make histogram for each element (0-509)  of the TAPS forward wall
##              Name            ch/low/high     imin/imax(opt)
#Display: 1D    ClEnergy        200 0 600       0 384
##
## Hit pattern within each cluster
##              Name            ch/low/high     imin/imax(opt)
#Display: 1D    ClHits          32 0 32         0 384
##
## # hits in each cluster
##              Name            ch/low/high     imin/imax(opt)
#Display: 1D    ClMulti         64 0 64         0 384
##
## # clusters detected per event
##              Name            ch/low/high     imin/imax(opt)
#Display: 1D     ClNhits         64 0 64         0 384
#Display: 1D    ClNhitsOR       16 0 16
##
## Cluster center distribution
##              Name            ch/low/high     imin/imax(opt)
#Display: 1D     ClTotHits       384 0 384
##
#         X-Name  X-ch/low/high/id  Y-Name  Y ch/low/high/id  Condition(opt)
#Display: 2D ClTheta  100 0 25 -1    ClPhi  180 -180 180 -1
#Display: 2D EnergyOR 2000 -400 200 -1    Hits   384  0 384 -1
#Display: 2D TimeOR   2000 -400 200 -1    Hits   384  0 384 -1
#Display: 1D TimeOR 2000 -200 200
#Display: 1D Time 4000 -400 400 0 384
#
#
